0: 0, 2, 1,
1: 2, 3, 1,
2: 0, 1, 2,
3: 2, 1, 3,
4: 4, 6, 5,
5: 6, 7, 5,
6: 4, 5, 6,
7: 6, 5, 7,
8: 8, 10, 9,
9: 10, 11, 9,
10: 8, 9, 10,
11: 10, 9, 11,
12: 12, 14, 13,
13: 14, 15, 13,
14: 12, 13, 14,
15: 14, 13, 15,



0: -10.0 -10.0 -0.8732973 
1: -10.0 0.0 -0.50636566
2: 0.0 -10.0 -0.50636566
3: 0.0 0.0 0.0
4: 0.0 -10.0 -0.50636566
5: 0.0 0.0 0.0
6: 10.0 -10.0 -0.8732973
7: 10.0 0.0 -0.50636566
8: -10.0 0.0 -0.50636566
9: -10.0 10.0 -0.8732973
10: 0.0 0.0 0.0
11: 0.0 10.0 -0.50636566
12: 0.0 0.0 0.0
13: 0.0 10.0 -0.50636566
14: 10.0 0.0 -0.50636566
15: 10.0 10.0 -0.8732973
