0
2
1
2
3
1
0
1
2
2
1
3
4
6
5
6
7
5
4
5
6
6
5
7
8
10
9
10
11
9
8
9
10
10
9
11
12
14
13
14
15
13
12
13
14
14
13
15
16
18
17
18
19
17
16
17
18
18
17
19
20
22
21
22
23
21
20
21
22
22
21
23
24
26
25
26
27
25
24
25
26
26
25
27
28
30
29
30
31
29
28
29
30
30
29
31
32
34
33
34
35
33
32
33
34
34
33
35
36
38
37
38
39
37
36
37
38
38
37
39
40
42
41
42
43
41
40
41
42
42
41
43
44
46
45
46
47
45
44
45
46
46
45
47
48
50
49
50
51
49
48
49
50
50
49
51
52
54
53
54
55
53
52
53
54
54
53
55
56
58
57
58
59
57
56
57
58
58
57
59
60
62
61
62
63
61
60
61
62
62
61
63
64
66
65
66
67
65
64
65
66
66
65
67
68
70
69
70
71
69
68
69
70
70
69
71
72
74
73
74
75
73
72
73
74
74
73
75
76
78
77
78
79
77
76
77
78
78
77
79
80
82
81
82
83
81
80
81
82
82
81
83
84
86
85
86
87
85
84
85
86
86
85
87
88
90
89
90
91
89
88
89
90
90
89
91
92
94
93
94
95
93
92
93
94
94
93
95
96
98
97
98
99
97
96
97
98
98
97
99
100
102
101
102
103
101
100
101
102
102
101
103
104
106
105
106
107
105
104
105
106
106
105
107
108
110
109
110
111
109
108
109
110
110
109
111
112
114
113
114
115
113
112
113
114
114
113
115
116
118
117
118
119
117
116
117
118
118
117
119
120
122
121
122
123
121
120
121
122
122
121
123
124
126
125
126
127
125
124
125
126
126
125
127
128
130
129
130
131
129
128
129
130
130
129
131
132
134
133
134
135
133
132
133
134
134
133
135
136
138
137
138
139
137
136
137
138
138
137
139
140
142
141
142
143
141
140
141
142
142
141
143
144
146
145
146
147
145
144
145
146
146
145
147
148
150
149
150
151
149
148
149
150
150
149
151
152
154
153
154
155
153
152
153
154
154
153
155
156
158
157
158
159
157
156
157
158
158
157
159
160
162
161
162
163
161
160
161
162
162
161
163
164
166
165
166
167
165
164
165
166
166
165
167
168
170
169
170
171
169
168
169
170
170
169
171
172
174
173
174
175
173
172
173
174
174
173
175
176
178
177
178
179
177
176
177
178
178
177
179
180
182
181
182
183
181
180
181
182
182
181
183
184
186
185
186
187
185
184
185
186
186
185
187
188
190
189
190
191
189
188
189
190
190
189
191
192
194
193
194
195
193
192
193
194
194
193
195
196
198
197
198
199
197
196
197
198
198
197
199
200
202
201
202
203
201
200
201
202
202
201
203
204
206
205
206
207
205
204
205
206
206
205
207
208
210
209
210
211
209
208
209
210
210
209
211
212
214
213
214
215
213
212
213
214
214
213
215
216
218
217
218
219
217
216
217
218
218
217
219
220
222
221
222
223
221
220
221
222
222
221
223
224
226
225
226
227
225
224
225
226
226
225
227
228
230
229
230
231
229
228
229
230
230
229
231
232
234
233
234
235
233
232
233
234
234
233
235
236
238
237
238
239
237
236
237
238
238
237
239
240
242
241
242
243
241
240
241
242
242
241
243
244
246
245
246
247
245
244
245
246
246
245
247
248
250
249
250
251
249
248
249
250
250
249
251
252
254
253
254
255
253
252
253
254
254
253
255
256
258
257
258
259
257
256
257
258
258
257
259
260
262
261
262
263
261
260
261
262
262
261
263
264
266
265
266
267
265
264
265
266
266
265
267
268
270
269
270
271
269
268
269
270
270
269
271
272
274
273
274
275
273
272
273
274
274
273
275
276
278
277
278
279
277
276
277
278
278
277
279
280
282
281
282
283
281
280
281
282
282
281
283
284
286
285
286
287
285
284
285
286
286
285
287
288
290
289
290
291
289
288
289
290
290
289
291
292
294
293
294
295
293
292
293
294
294
293
295
296
298
297
298
299
297
296
297
298
298
297
299
300
302
301
302
303
301
300
301
302
302
301
303
304
306
305
306
307
305
304
305
306
306
305
307
308
310
309
310
311
309
308
309
310
310
309
311
312
314
313
314
315
313
312
313
314
314
313
315
316
318
317
318
319
317
316
317
318
318
317
319
320
322
321
322
323
321
320
321
322
322
321
323
324
326
325
326
327
325
324
325
326
326
325
327
328
330
329
330
331
329
328
329
330
330
329
331
332
334
333
334
335
333
332
333
334
334
333
335
336
338
337
338
339
337
336
337
338
338
337
339
340
342
341
342
343
341
340
341
342
342
341
343
344
346
345
346
347
345
344
345
346
346
345
347
348
350
349
350
351
349
348
349
350
350
349
351
352
354
353
354
355
353
352
353
354
354
353
355
356
358
357
358
359
357
356
357
358
358
357
359
360
362
361
362
363
361
360
361
362
362
361
363
364
366
365
366
367
365
364
365
366
366
365
367
368
370
369
370
371
369
368
369
370
370
369
371
372
374
373
374
375
373
372
373
374
374
373
375
376
378
377
378
379
377
376
377
378
378
377
379
380
382
381
382
383
381
380
381
382
382
381
383
384
386
385
386
387
385
384
385
386
386
385
387
388
390
389
390
391
389
388
389
390
390
389
391
392
394
393
394
395
393
392
393
394
394
393
395
396
398
397
398
399
397
396
397
398
398
397
399
400
402
401
402
403
401
400
401
402
402
401
403
404
406
405
406
407
405
404
405
406
406
405
407
408
410
409
410
411
409
408
409
410
410
409
411
412
414
413
414
415
413
412
413
414
414
413
415
416
418
417
418
419
417
416
417
418
418
417
419
420
422
421
422
423
421
420
421
422
422
421
423
424
426
425
426
427
425
424
425
426
426
425
427
428
430
429
430
431
429
428
429
430
430
429
431
432
434
433
434
435
433
432
433
434
434
433
435
436
438
437
438
439
437
436
437
438
438
437
439
440
442
441
442
443
441
440
441
442
442
441
443
444
446
445
446
447
445
444
445
446
446
445
447
448
450
449
450
451
449
448
449
450
450
449
451
452
454
453
454
455
453
452
453
454
454
453
455
456
458
457
458
459
457
456
457
458
458
457
459
460
462
461
462
463
461
460
461
462
462
461
463
464
466
465
466
467
465
464
465
466
466
465
467
468
470
469
470
471
469
468
469
470
470
469
471
472
474
473
474
475
473
472
473
474
474
473
475
476
478
477
478
479
477
476
477
478
478
477
479
480
482
481
482
483
481
480
481
482
482
481
483
484
486
485
486
487
485
484
485
486
486
485
487
488
490
489
490
491
489
488
489
490
490
489
491
492
494
493
494
495
493
492
493
494
494
493
495
496
498
497
498
499
497
496
497
498
498
497
499
500
502
501
502
503
501
500
501
502
502
501
503
504
506
505
506
507
505
504
505
506
506
505
507
508
510
509
510
511
509
508
509
510
510
509
511
512
514
513
514
515
513
512
513
514
514
513
515
516
518
517
518
519
517
516
517
518
518
517
519
520
522
521
522
523
521
520
521
522
522
521
523
524
526
525
526
527
525
524
525
526
526
525
527
528
530
529
530
531
529
528
529
530
530
529
531
532
534
533
534
535
533
532
533
534
534
533
535
536
538
537
538
539
537
536
537
538
538
537
539
540
542
541
542
543
541
540
541
542
542
541
543
544
546
545
546
547
545
544
545
546
546
545
547
548
550
549
550
551
549
548
549
550
550
549
551
552
554
553
554
555
553
552
553
554
554
553
555
556
558
557
558
559
557
556
557
558
558
557
559
560
562
561
562
563
561
560
561
562
562
561
563
564
566
565
566
567
565
564
565
566
566
565
567
568
570
569
570
571
569
568
569
570
570
569
571
572
574
573
574
575
573
572
573
574
574
573
575
576
578
577
578
579
577
576
577
578
578
577
579
580
582
581
582
583
581
580
581
582
582
581
583
584
586
585
586
587
585
584
585
586
586
585
587
588
590
589
590
591
589
588
589
590
590
589
591
592
594
593
594
595
593
592
593
594
594
593
595
596
598
597
598
599
597
596
597
598
598
597
599
600
602
601
602
603
601
600
601
602
602
601
603
604
606
605
606
607
605
604
605
606
606
605
607
608
610
609
610
611
609
608
609
610
610
609
611
612
614
613
614
615
613
612
613
614
614
613
615
616
618
617
618
619
617
616
617
618
618
617
619
620
622
621
622
623
621
620
621
622
622
621
623
624
626
625
626
627
625
624
625
626
626
625
627
628
630
629
630
631
629
628
629
630
630
629
631
632
634
633
634
635
633
632
633
634
634
633
635
636
638
637
638
639
637
636
637
638
638
637
639
640
642
641
642
643
641
640
641
642
642
641
643
644
646
645
646
647
645
644
645
646
646
645
647
648
650
649
650
651
649
648
649
650
650
649
651
652
654
653
654
655
653
652
653
654
654
653
655
656
658
657
658
659
657
656
657
658
658
657
659
660
662
661
662
663
661
660
661
662
662
661
663
664
666
665
666
667
665
664
665
666
666
665
667
668
670
669
670
671
669
668
669
670
670
669
671
672
674
673
674
675
673
672
673
674
674
673
675
676
678
677
678
679
677
676
677
678
678
677
679
680
682
681
682
683
681
680
681
682
682
681
683
684
686
685
686
687
685
684
685
686
686
685
687
688
690
689
690
691
689
688
689
690
690
689
691
692
694
693
694
695
693
692
693
694
694
693
695
696
698
697
698
699
697
696
697
698
698
697
699
700
702
701
702
703
701
700
701
702
702
701
703
704
706
705
706
707
705
704
705
706
706
705
707
708
710
709
710
711
709
708
709
710
710
709
711
712
714
713
714
715
713
712
713
714
714
713
715
716
718
717
718
719
717
716
717
718
718
717
719
720
722
721
722
723
721
720
721
722
722
721
723
724
726
725
726
727
725
724
725
726
726
725
727
728
730
729
730
731
729
728
729
730
730
729
731
732
734
733
734
735
733
732
733
734
734
733
735
736
738
737
738
739
737
736
737
738
738
737
739
740
742
741
742
743
741
740
741
742
742
741
743
744
746
745
746
747
745
744
745
746
746
745
747
748
750
749
750
751
749
748
749
750
750
749
751
752
754
753
754
755
753
752
753
754
754
753
755
756
758
757
758
759
757
756
757
758
758
757
759
760
762
761
762
763
761
760
761
762
762
761
763
764
766
765
766
767
765
764
765
766
766
765
767
768
770
769
770
771
769
768
769
770
770
769
771
772
774
773
774
775
773
772
773
774
774
773
775
776
778
777
778
779
777
776
777
778
778
777
779
780
782
781
782
783
781
780
781
782
782
781
783
784
786
785
786
787
785
784
785
786
786
785
787
788
790
789
790
791
789
788
789
790
790
789
791
792
794
793
794
795
793
792
793
794
794
793
795
796
798
797
798
799
797
796
797
798
798
797
799
800
802
801
802
803
801
800
801
802
802
801
803
804
806
805
806
807
805
804
805
806
806
805
807
808
810
809
810
811
809
808
809
810
810
809
811
812
814
813
814
815
813
812
813
814
814
813
815
816
818
817
818
819
817
816
817
818
818
817
819
820
822
821
822
823
821
820
821
822
822
821
823
824
826
825
826
827
825
824
825
826
826
825
827
828
830
829
830
831
829
828
829
830
830
829
831
832
834
833
834
835
833
832
833
834
834
833
835
836
838
837
838
839
837
836
837
838
838
837
839
840
842
841
842
843
841
840
841
842
842
841
843
844
846
845
846
847
845
844
845
846
846
845
847
848
850
849
850
851
849
848
849
850
850
849
851
852
854
853
854
855
853
852
853
854
854
853
855
856
858
857
858
859
857
856
857
858
858
857
859
860
862
861
862
863
861
860
861
862
862
861
863
864
866
865
866
867
865
864
865
866
866
865
867
868
870
869
870
871
869
868
869
870
870
869
871
872
874
873
874
875
873
872
873
874
874
873
875
876
878
877
878
879
877
876
877
878
878
877
879
880
882
881
882
883
881
880
881
882
882
881
883
884
886
885
886
887
885
884
885
886
886
885
887
888
890
889
890
891
889
888
889
890
890
889
891
892
894
893
894
895
893
892
893
894
894
893
895
896
898
897
898
899
897
896
897
898
898
897
899
900
902
901
902
903
901
900
901
902
902
901
903
904
906
905
906
907
905
904
905
906
906
905
907
908
910
909
910
911
909
908
909
910
910
909
911
912
914
913
914
915
913
912
913
914
914
913
915
916
918
917
918
919
917
916
917
918
918
917
919
920
922
921
922
923
921
920
921
922
922
921
923
924
926
925
926
927
925
924
925
926
926
925
927
928
930
929
930
931
929
928
929
930
930
929
931
932
934
933
934
935
933
932
933
934
934
933
935
936
938
937
938
939
937
936
937
938
938
937
939
940
942
941
942
943
941
940
941
942
942
941
943
944
946
945
946
947
945
944
945
946
946
945
947
948
950
949
950
951
949
948
949
950
950
949
951
952
954
953
954
955
953
952
953
954
954
953
955
956
958
957
958
959
957
956
957
958
958
957
959
960
962
961
962
963
961
960
961
962
962
961
963
964
966
965
966
967
965
964
965
966
966
965
967
968
970
969
970
971
969
968
969
970
970
969
971
972
974
973
974
975
973
972
973
974
974
973
975
976
978
977
978
979
977
976
977
978
978
977
979
980
982
981
982
983
981
980
981
982
982
981
983
984
986
985
986
987
985
984
985
986
986
985
987
988
990
989
990
991
989
988
989
990
990
989
991
992
994
993
994
995
993
992
993
994
994
993
995
996
998
997
998
999
997
996
997
998
998
997
999
1000
1002
1001
1002
1003
1001
1000
1001
1002
1002
1001
1003
1004
1006
1005
1006
1007
1005
1004
1005
1006
1006
1005
1007
1008
1010
1009
1010
1011
1009
1008
1009
1010
1010
1009
1011
1012
1014
1013
1014
1015
1013
1012
1013
1014
1014
1013
1015
1016
1018
1017
1018
1019
1017
1016
1017
1018
1018
1017
1019
1020
1022
1021
1022
1023
1021
1020
1021
1022
1022
1021
1023
1024
1026
1025
1026
1027
1025
1024
1025
1026
1026
1025
1027
1028
1030
1029
1030
1031
1029
1028
1029
1030
1030
1029
1031
1032
1034
1033
1034
1035
1033
1032
1033
1034
1034
1033
1035
1036
1038
1037
1038
1039
1037
1036
1037
1038
1038
1037
1039
1040
1042
1041
1042
1043
1041
1040
1041
1042
1042
1041
1043
1044
1046
1045
1046
1047
1045
1044
1045
1046
1046
1045
1047
1048
1050
1049
1050
1051
1049
1048
1049
1050
1050
1049
1051
1052
1054
1053
1054
1055
1053
1052
1053
1054
1054
1053
1055
1056
1058
1057
1058
1059
1057
1056
1057
1058
1058
1057
1059
1060
1062
1061
1062
1063
1061
1060
1061
1062
1062
1061
1063
1064
1066
1065
1066
1067
1065
1064
1065
1066
1066
1065
1067
1068
1070
1069
1070
1071
1069
1068
1069
1070
1070
1069
1071
1072
1074
1073
1074
1075
1073
1072
1073
1074
1074
1073
1075
1076
1078
1077
1078
1079
1077
1076
1077
1078
1078
1077
1079
1080
1082
1081
1082
1083
1081
1080
1081
1082
1082
1081
1083
1084
1086
1085
1086
1087
1085
1084
1085
1086
1086
1085
1087
1088
1090
1089
1090
1091
1089
1088
1089
1090
1090
1089
1091
1092
1094
1093
1094
1095
1093
1092
1093
1094
1094
1093
1095
1096
1098
1097
1098
1099
1097
1096
1097
1098
1098
1097
1099
1100
1102
1101
1102
1103
1101
1100
1101
1102
1102
1101
1103
1104
1106
1105
1106
1107
1105
1104
1105
1106
1106
1105
1107
1108
1110
1109
1110
1111
1109
1108
1109
1110
1110
1109
1111
1112
1114
1113
1114
1115
1113
1112
1113
1114
1114
1113
1115
1116
1118
1117
1118
1119
1117
1116
1117
1118
1118
1117
1119
1120
1122
1121
1122
1123
1121
1120
1121
1122
1122
1121
1123
1124
1126
1125
1126
1127
1125
1124
1125
1126
1126
1125
1127
1128
1130
1129
1130
1131
1129
1128
1129
1130
1130
1129
1131
1132
1134
1133
1134
1135
1133
1132
1133
1134
1134
1133
1135
1136
1138
1137
1138
1139
1137
1136
1137
1138
1138
1137
1139
1140
1142
1141
1142
1143
1141
1140
1141
1142
1142
1141
1143
1144
1146
1145
1146
1147
1145
1144
1145
1146
1146
1145
1147
1148
1150
1149
1150
1151
1149
1148
1149
1150
1150
1149
1151
1152
1154
1153
1154
1155
1153
1152
1153
1154
1154
1153
1155
1156
1158
1157
1158
1159
1157
1156
1157
1158
1158
1157
1159
1160
1162
1161
1162
1163
1161
1160
1161
1162
1162
1161
1163
1164
1166
1165
1166
1167
1165
1164
1165
1166
1166
1165
1167
1168
1170
1169
1170
1171
1169
1168
1169
1170
1170
1169
1171
1172
1174
1173
1174
1175
1173
1172
1173
1174
1174
1173
1175
1176
1178
1177
1178
1179
1177
1176
1177
1178
1178
1177
1179
1180
1182
1181
1182
1183
1181
1180
1181
1182
1182
1181
1183
1184
1186
1185
1186
1187
1185
1184
1185
1186
1186
1185
1187
1188
1190
1189
1190
1191
1189
1188
1189
1190
1190
1189
1191
1192
1194
1193
1194
1195
1193
1192
1193
1194
1194
1193
1195
1196
1198
1197
1198
1199
1197
1196
1197
1198
1198
1197
1199
1200
1202
1201
1202
1203
1201
1200
1201
1202
1202
1201
1203
1204
1206
1205
1206
1207
1205
1204
1205
1206
1206
1205
1207
1208
1210
1209
1210
1211
1209
1208
1209
1210
1210
1209
1211
1212
1214
1213
1214
1215
1213
1212
1213
1214
1214
1213
1215
1216
1218
1217
1218
1219
1217
1216
1217
1218
1218
1217
1219
1220
1222
1221
1222
1223
1221
1220
1221
1222
1222
1221
1223
1224
1226
1225
1226
1227
1225
1224
1225
1226
1226
1225
1227
1228
1230
1229
1230
1231
1229
1228
1229
1230
1230
1229
1231
1232
1234
1233
1234
1235
1233
1232
1233
1234
1234
1233
1235
1236
1238
1237
1238
1239
1237
1236
1237
1238
1238
1237
1239
1240
1242
1241
1242
1243
1241
1240
1241
1242
1242
1241
1243
1244
1246
1245
1246
1247
1245
1244
1245
1246
1246
1245
1247
1248
1250
1249
1250
1251
1249
1248
1249
1250
1250
1249
1251
1252
1254
1253
1254
1255
1253
1252
1253
1254
1254
1253
1255
1256
1258
1257
1258
1259
1257
1256
1257
1258
1258
1257
1259
1260
1262
1261
1262
1263
1261
1260
1261
1262
1262
1261
1263
1264
1266
1265
1266
1267
1265
1264
1265
1266
1266
1265
1267
1268
1270
1269
1270
1271
1269
1268
1269
1270
1270
1269
1271
1272
1274
1273
1274
1275
1273
1272
1273
1274
1274
1273
1275
1276
1278
1277
1278
1279
1277
1276
1277
1278
1278
1277
1279
1280
1282
1281
1282
1283
1281
1280
1281
1282
1282
1281
1283
1284
1286
1285
1286
1287
1285
1284
1285
1286
1286
1285
1287
1288
1290
1289
1290
1291
1289
1288
1289
1290
1290
1289
1291
1292
1294
1293
1294
1295
1293
1292
1293
1294
1294
1293
1295
1296
1298
1297
1298
1299
1297
1296
1297
1298
1298
1297
1299
1300
1302
1301
1302
1303
1301
1300
1301
1302
1302
1301
1303
1304
1306
1305
1306
1307
1305
1304
1305
1306
1306
1305
1307
1308
1310
1309
1310
1311
1309
1308
1309
1310
1310
1309
1311
1312
1314
1313
1314
1315
1313
1312
1313
1314
1314
1313
1315
1316
1318
1317
1318
1319
1317
1316
1317
1318
1318
1317
1319
1320
1322
1321
1322
1323
1321
1320
1321
1322
1322
1321
1323
1324
1326
1325
1326
1327
1325
1324
1325
1326
1326
1325
1327
1328
1330
1329
1330
1331
1329
1328
1329
1330
1330
1329
1331
1332
1334
1333
1334
1335
1333
1332
1333
1334
1334
1333
1335
1336
1338
1337
1338
1339
1337
1336
1337
1338
1338
1337
1339
1340
1342
1341
1342
1343
1341
1340
1341
1342
1342
1341
1343
1344
1346
1345
1346
1347
1345
1344
1345
1346
1346
1345
1347
1348
1350
1349
1350
1351
1349
1348
1349
1350
1350
1349
1351
1352
1354
1353
1354
1355
1353
1352
1353
1354
1354
1353
1355
1356
1358
1357
1358
1359
1357
1356
1357
1358
1358
1357
1359
1360
1362
1361
1362
1363
1361
1360
1361
1362
1362
1361
1363
1364
1366
1365
1366
1367
1365
1364
1365
1366
1366
1365
1367
1368
1370
1369
1370
1371
1369
1368
1369
1370
1370
1369
1371
1372
1374
1373
1374
1375
1373
1372
1373
1374
1374
1373
1375
1376
1378
1377
1378
1379
1377
1376
1377
1378
1378
1377
1379
1380
1382
1381
1382
1383
1381
1380
1381
1382
1382
1381
1383
1384
1386
1385
1386
1387
1385
1384
1385
1386
1386
1385
1387
1388
1390
1389
1390
1391
1389
1388
1389
1390
1390
1389
1391
1392
1394
1393
1394
1395
1393
1392
1393
1394
1394
1393
1395
1396
1398
1397
1398
1399
1397
1396
1397
1398
1398
1397
1399
1400
1402
1401
1402
1403
1401
1400
1401
1402
1402
1401
1403
1404
1406
1405
1406
1407
1405
1404
1405
1406
1406
1405
1407
1408
1410
1409
1410
1411
1409
1408
1409
1410
1410
1409
1411
1412
1414
1413
1414
1415
1413
1412
1413
1414
1414
1413
1415
1416
1418
1417
1418
1419
1417
1416
1417
1418
1418
1417
1419
1420
1422
1421
1422
1423
1421
1420
1421
1422
1422
1421
1423
1424
1426
1425
1426
1427
1425
1424
1425
1426
1426
1425
1427
1428
1430
1429
1430
1431
1429
1428
1429
1430
1430
1429
1431
1432
1434
1433
1434
1435
1433
1432
1433
1434
1434
1433
1435
1436
1438
1437
1438
1439
1437
1436
1437
1438
1438
1437
1439
1440
1442
1441
1442
1443
1441
1440
1441
1442
1442
1441
1443
1444
1446
1445
1446
1447
1445
1444
1445
1446
1446
1445
1447
1448
1450
1449
1450
1451
1449
1448
1449
1450
1450
1449
1451
1452
1454
1453
1454
1455
1453
1452
1453
1454
1454
1453
1455
1456
1458
1457
1458
1459
1457
1456
1457
1458
1458
1457
1459
1460
1462
1461
1462
1463
1461
1460
1461
1462
1462
1461
1463
1464
1466
1465
1466
1467
1465
1464
1465
1466
1466
1465
1467
1468
1470
1469
1470
1471
1469
1468
1469
1470
1470
1469
1471
1472
1474
1473
1474
1475
1473
1472
1473
1474
1474
1473
1475
1476
1478
1477
1478
1479
1477
1476
1477
1478
1478
1477
1479
1480
1482
1481
1482
1483
1481
1480
1481
1482
1482
1481
1483
1484
1486
1485
1486
1487
1485
1484
1485
1486
1486
1485
1487
1488
1490
1489
1490
1491
1489
1488
1489
1490
1490
1489
1491
1492
1494
1493
1494
1495
1493
1492
1493
1494
1494
1493
1495
1496
1498
1497
1498
1499
1497
1496
1497
1498
1498
1497
1499
1500
1502
1501
1502
1503
1501
1500
1501
1502
1502
1501
1503
1504
1506
1505
1506
1507
1505
1504
1505
1506
1506
1505
1507
1508
1510
1509
1510
1511
1509
1508
1509
1510
1510
1509
1511
1512
1514
1513
1514
1515
1513
1512
1513
1514
1514
1513
1515
1516
1518
1517
1518
1519
1517
1516
1517
1518
1518
1517
1519
1520
1522
1521
1522
1523
1521
1520
1521
1522
1522
1521
1523
1524
1526
1525
1526
1527
1525
1524
1525
1526
1526
1525
1527
1528
1530
1529
1530
1531
1529
1528
1529
1530
1530
1529
1531
1532
1534
1533
1534
1535
1533
1532
1533
1534
1534
1533
1535
1536
1538
1537
1538
1539
1537
1536
1537
1538
1538
1537
1539
1540
1542
1541
1542
1543
1541
1540
1541
1542
1542
1541
1543
1544
1546
1545
1546
1547
1545
1544
1545
1546
1546
1545
1547
1548
1550
1549
1550
1551
1549
1548
1549
1550
1550
1549
1551
1552
1554
1553
1554
1555
1553
1552
1553
1554
1554
1553
1555
1556
1558
1557
1558
1559
1557
1556
1557
1558
1558
1557
1559
1560
1562
1561
1562
1563
1561
1560
1561
1562
1562
1561
1563
1564
1566
1565
1566
1567
1565
1564
1565
1566
1566
1565
1567
1568
1570
1569
1570
1571
1569
1568
1569
1570
1570
1569
1571
1572
1574
1573
1574
1575
1573
1572
1573
1574
1574
1573
1575
1576
1578
1577
1578
1579
1577
1576
1577
1578
1578
1577
1579
1580
1582
1581
1582
1583
1581
1580
1581
1582
1582
1581
1583
1584
1586
1585
1586
1587
1585
1584
1585
1586
1586
1585
1587
1588
1590
1589
1590
1591
1589
1588
1589
1590
1590
1589
1591
1592
1594
1593
1594
1595
1593
1592
1593
1594
1594
1593
1595
1596
1598
1597
1598
1599
1597
1596
1597
1598
1598
1597
1599
1600
1602
1601
1602
1603
1601
1600
1601
1602
1602
1601
1603
1604
1606
1605
1606
1607
1605
1604
1605
1606
1606
1605
1607
1608
1610
1609
1610
1611
1609
1608
1609
1610
1610
1609
1611
1612
1614
1613
1614
1615
1613
1612
1613
1614
1614
1613
1615
1616
1618
1617
1618
1619
1617
1616
1617
1618
1618
1617
1619
1620
1622
1621
1622
1623
1621
1620
1621
1622
1622
1621
1623
1624
1626
1625
1626
1627
1625
1624
1625
1626
1626
1625
1627
1628
1630
1629
1630
1631
1629
1628
1629
1630
1630
1629
1631
1632
1634
1633
1634
1635
1633
1632
1633
1634
1634
1633
1635
1636
1638
1637
1638
1639
1637
1636
1637
1638
1638
1637
1639
1640
1642
1641
1642
1643
1641
1640
1641
1642
1642
1641
1643
1644
1646
1645
1646
1647
1645
1644
1645
1646
1646
1645
1647
1648
1650
1649
1650
1651
1649
1648
1649
1650
1650
1649
1651
1652
1654
1653
1654
1655
1653
1652
1653
1654
1654
1653
1655
1656
1658
1657
1658
1659
1657
1656
1657
1658
1658
1657
1659
1660
1662
1661
1662
1663
1661
1660
1661
1662
1662
1661
1663
1664
1666
1665
1666
1667
1665
1664
1665
1666
1666
1665
1667
1668
1670
1669
1670
1671
1669
1668
1669
1670
1670
1669
1671
1672
1674
1673
1674
1675
1673
1672
1673
1674
1674
1673
1675
1676
1678
1677
1678
1679
1677
1676
1677
1678
1678
1677
1679
1680
1682
1681
1682
1683
1681
1680
1681
1682
1682
1681
1683
1684
1686
1685
1686
1687
1685
1684
1685
1686
1686
1685
1687
1688
1690
1689
1690
1691
1689
1688
1689
1690
1690
1689
1691
1692
1694
1693
1694
1695
1693
1692
1693
1694
1694
1693
1695
1696
1698
1697
1698
1699
1697
1696
1697
1698
1698
1697
1699
1700
1702
1701
1702
1703
1701
1700
1701
1702
1702
1701
1703
1704
1706
1705
1706
1707
1705
1704
1705
1706
1706
1705
1707
1708
1710
1709
1710
1711
1709
1708
1709
1710
1710
1709
1711
1712
1714
1713
1714
1715
1713
1712
1713
1714
1714
1713
1715
1716
1718
1717
1718
1719
1717
1716
1717
1718
1718
1717
1719
1720
1722
1721
1722
1723
1721
1720
1721
1722
1722
1721
1723
1724
1726
1725
1726
1727
1725
1724
1725
1726
1726
1725
1727
1728
1730
1729
1730
1731
1729
1728
1729
1730
1730
1729
1731
1732
1734
1733
1734
1735
1733
1732
1733
1734
1734
1733
1735
1736
1738
1737
1738
1739
1737
1736
1737
1738
1738
1737
1739
1740
1742
1741
1742
1743
1741
1740
1741
1742
1742
1741
1743
1744
1746
1745
1746
1747
1745
1744
1745
1746
1746
1745
1747
1748
1750
1749
1750
1751
1749
1748
1749
1750
1750
1749
1751
1752
1754
1753
1754
1755
1753
1752
1753
1754
1754
1753
1755
1756
1758
1757
1758
1759
1757
1756
1757
1758
1758
1757
1759
1760
1762
1761
1762
1763
1761
1760
1761
1762
1762
1761
1763
1764
1766
1765
1766
1767
1765
1764
1765
1766
1766
1765
1767
1768
1770
1769
1770
1771
1769
1768
1769
1770
1770
1769
1771
1772
1774
1773
1774
1775
1773
1772
1773
1774
1774
1773
1775
1776
1778
1777
1778
1779
1777
1776
1777
1778
1778
1777
1779
1780
1782
1781
1782
1783
1781
1780
1781
1782
1782
1781
1783
1784
1786
1785
1786
1787
1785
1784
1785
1786
1786
1785
1787
1788
1790
1789
1790
1791
1789
1788
1789
1790
1790
1789
1791
1792
1794
1793
1794
1795
1793
1792
1793
1794
1794
1793
1795
1796
1798
1797
1798
1799
1797
1796
1797
1798
1798
1797
1799
1800
1802
1801
1802
1803
1801
1800
1801
1802
1802
1801
1803
1804
1806
1805
1806
1807
1805
1804
1805
1806
1806
1805
1807
1808
1810
1809
1810
1811
1809
1808
1809
1810
1810
1809
1811
1812
1814
1813
1814
1815
1813
1812
1813
1814
1814
1813
1815
1816
1818
1817
1818
1819
1817
1816
1817
1818
1818
1817
1819
1820
1822
1821
1822
1823
1821
1820
1821
1822
1822
1821
1823
1824
1826
1825
1826
1827
1825
1824
1825
1826
1826
1825
1827
1828
1830
1829
1830
1831
1829
1828
1829
1830
1830
1829
1831
1832
1834
1833
1834
1835
1833
1832
1833
1834
1834
1833
1835
1836
1838
1837
1838
1839
1837
1836
1837
1838
1838
1837
1839
1840
1842
1841
1842
1843
1841
1840
1841
1842
1842
1841
1843
1844
1846
1845
1846
1847
1845
1844
1845
1846
1846
1845
1847
1848
1850
1849
1850
1851
1849
1848
1849
1850
1850
1849
1851
1852
1854
1853
1854
1855
1853
1852
1853
1854
1854
1853
1855
1856
1858
1857
1858
1859
1857
1856
1857
1858
1858
1857
1859
1860
1862
1861
1862
1863
1861
1860
1861
1862
1862
1861
1863
1864
1866
1865
1866
1867
1865
1864
1865
1866
1866
1865
1867
1868
1870
1869
1870
1871
1869
1868
1869
1870
1870
1869
1871
1872
1874
1873
1874
1875
1873
1872
1873
1874
1874
1873
1875
1876
1878
1877
1878
1879
1877
1876
1877
1878
1878
1877
1879
1880
1882
1881
1882
1883
1881
1880
1881
1882
1882
1881
1883
1884
1886
1885
1886
1887
1885
1884
1885
1886
1886
1885
1887
1888
1890
1889
1890
1891
1889
1888
1889
1890
1890
1889
1891
1892
1894
1893
1894
1895
1893
1892
1893
1894
1894
1893
1895
1896
1898
1897
1898
1899
1897
1896
1897
1898
1898
1897
1899
1900
1902
1901
1902
1903
1901
1900
1901
1902
1902
1901
1903
1904
1906
1905
1906
1907
1905
1904
1905
1906
1906
1905
1907
1908
1910
1909
1910
1911
1909
1908
1909
1910
1910
1909
1911
1912
1914
1913
1914
1915
1913
1912
1913
1914
1914
1913
1915
1916
1918
1917
1918
1919
1917
1916
1917
1918
1918
1917
1919
1920
1922
1921
1922
1923
1921
1920
1921
1922
1922
1921
1923
1924
1926
1925
1926
1927
1925
1924
1925
1926
1926
1925
1927
1928
1930
1929
1930
1931
1929
1928
1929
1930
1930
1929
1931
1932
1934
1933
1934
1935
1933
1932
1933
1934
1934
1933
1935
1936
1938
1937
1938
1939
1937
1936
1937
1938
1938
1937
1939
1940
1942
1941
1942
1943
1941
1940
1941
1942
1942
1941
1943
1944
1946
1945
1946
1947
1945
1944
1945
1946
1946
1945
1947
1948
1950
1949
1950
1951
1949
1948
1949
1950
1950
1949
1951
1952
1954
1953
1954
1955
1953
1952
1953
1954
1954
1953
1955
1956
1958
1957
1958
1959
1957
1956
1957
1958
1958
1957
1959
1960
1962
1961
1962
1963
1961
1960
1961
1962
1962
1961
1963
1964
1966
1965
1966
1967
1965
1964
1965
1966
1966
1965
1967
1968
1970
1969
1970
1971
1969
1968
1969
1970
1970
1969
1971
1972
1974
1973
1974
1975
1973
1972
1973
1974
1974
1973
1975
1976
1978
1977
1978
1979
1977
1976
1977
1978
1978
1977
1979
1980
1982
1981
1982
1983
1981
1980
1981
1982
1982
1981
1983
1984
1986
1985
1986
1987
1985
1984
1985
1986
1986
1985
1987
1988
1990
1989
1990
1991
1989
1988
1989
1990
1990
1989
1991
1992
1994
1993
1994
1995
1993
1992
1993
1994
1994
1993
1995
1996
1998
1997
1998
1999
1997
1996
1997
1998
1998
1997
1999
2000
2002
2001
2002
2003
2001
2000
2001
2002
2002
2001
2003
2004
2006
2005
2006
2007
2005
2004
2005
2006
2006
2005
2007
2008
2010
2009
2010
2011
2009
2008
2009
2010
2010
2009
2011
2012
2014
2013
2014
2015
2013
2012
2013
2014
2014
2013
2015
2016
2018
2017
2018
2019
2017
2016
2017
2018
2018
2017
2019
2020
2022
2021
2022
2023
2021
2020
2021
2022
2022
2021
2023
2024
2026
2025
2026
2027
2025
2024
2025
2026
2026
2025
2027
2028
2030
2029
2030
2031
2029
2028
2029
2030
2030
2029
2031
2032
2034
2033
2034
2035
2033
2032
2033
2034
2034
2033
2035
2036
2038
2037
2038
2039
2037
2036
2037
2038
2038
2037
2039
2040
2042
2041
2042
2043
2041
2040
2041
2042
2042
2041
2043
2044
2046
2045
2046
2047
2045
2044
2045
2046
2046
2045
2047
2048
2050
2049
2050
2051
2049
2048
2049
2050
2050
2049
2051
2052
2054
2053
2054
2055
2053
2052
2053
2054
2054
2053
2055
2056
2058
2057
2058
2059
2057
2056
2057
2058
2058
2057
2059
2060
2062
2061
2062
2063
2061
2060
2061
2062
2062
2061
2063
2064
2066
2065
2066
2067
2065
2064
2065
2066
2066
2065
2067
2068
2070
2069
2070
2071
2069
2068
2069
2070
2070
2069
2071
2072
2074
2073
2074
2075
2073
2072
2073
2074
2074
2073
2075
2076
2078
2077
2078
2079
2077
2076
2077
2078
2078
2077
2079
2080
2082
2081
2082
2083
2081
2080
2081
2082
2082
2081
2083
2084
2086
2085
2086
2087
2085
2084
2085
2086
2086
2085
2087
2088
2090
2089
2090
2091
2089
2088
2089
2090
2090
2089
2091
2092
2094
2093
2094
2095
2093
2092
2093
2094
2094
2093
2095
2096
2098
2097
2098
2099
2097
2096
2097
2098
2098
2097
2099
2100
2102
2101
2102
2103
2101
2100
2101
2102
2102
2101
2103
2104
2106
2105
2106
2107
2105
2104
2105
2106
2106
2105
2107
2108
2110
2109
2110
2111
2109
2108
2109
2110
2110
2109
2111
2112
2114
2113
2114
2115
2113
2112
2113
2114
2114
2113
2115
2116
2118
2117
2118
2119
2117
2116
2117
2118
2118
2117
2119
2120
2122
2121
2122
2123
2121
2120
2121
2122
2122
2121
2123
2124
2126
2125
2126
2127
2125
2124
2125
2126
2126
2125
2127
2128
2130
2129
2130
2131
2129
2128
2129
2130
2130
2129
2131
2132
2134
2133
2134
2135
2133
2132
2133
2134
2134
2133
2135
2136
2138
2137
2138
2139
2137
2136
2137
2138
2138
2137
2139
2140
2142
2141
2142
2143
2141
2140
2141
2142
2142
2141
2143
2144
2146
2145
2146
2147
2145
2144
2145
2146
2146
2145
2147
2148
2150
2149
2150
2151
2149
2148
2149
2150
2150
2149
2151
2152
2154
2153
2154
2155
2153
2152
2153
2154
2154
2153
2155
2156
2158
2157
2158
2159
2157
2156
2157
2158
2158
2157
2159
2160
2162
2161
2162
2163
2161
2160
2161
2162
2162
2161
2163
2164
2166
2165
2166
2167
2165
2164
2165
2166
2166
2165
2167
2168
2170
2169
2170
2171
2169
2168
2169
2170
2170
2169
2171
2172
2174
2173
2174
2175
2173
2172
2173
2174
2174
2173
2175
2176
2178
2177
2178
2179
2177
2176
2177
2178
2178
2177
2179
2180
2182
2181
2182
2183
2181
2180
2181
2182
2182
2181
2183
2184
2186
2185
2186
2187
2185
2184
2185
2186
2186
2185
2187
2188
2190
2189
2190
2191
2189
2188
2189
2190
2190
2189
2191
2192
2194
2193
2194
2195
2193
2192
2193
2194
2194
2193
2195
2196
2198
2197
2198
2199
2197
2196
2197
2198
2198
2197
2199
2200
2202
2201
2202
2203
2201
2200
2201
2202
2202
2201
2203
2204
2206
2205
2206
2207
2205
2204
2205
2206
2206
2205
2207
2208
2210
2209
2210
2211
2209
2208
2209
2210
2210
2209
2211
2212
2214
2213
2214
2215
2213
2212
2213
2214
2214
2213
2215
2216
2218
2217
2218
2219
2217
2216
2217
2218
2218
2217
2219
2220
2222
2221
2222
2223
2221
2220
2221
2222
2222
2221
2223
2224
2226
2225
2226
2227
2225
2224
2225
2226
2226
2225
2227
2228
2230
2229
2230
2231
2229
2228
2229
2230
2230
2229
2231
2232
2234
2233
2234
2235
2233
2232
2233
2234
2234
2233
2235
2236
2238
2237
2238
2239
2237
2236
2237
2238
2238
2237
2239
2240
2242
2241
2242
2243
2241
2240
2241
2242
2242
2241
2243
2244
2246
2245
2246
2247
2245
2244
2245
2246
2246
2245
2247
2248
2250
2249
2250
2251
2249
2248
2249
2250
2250
2249
2251
2252
2254
2253
2254
2255
2253
2252
2253
2254
2254
2253
2255
2256
2258
2257
2258
2259
2257
2256
2257
2258
2258
2257
2259
2260
2262
2261
2262
2263
2261
2260
2261
2262
2262
2261
2263
2264
2266
2265
2266
2267
2265
2264
2265
2266
2266
2265
2267
2268
2270
2269
2270
2271
2269
2268
2269
2270
2270
2269
2271
2272
2274
2273
2274
2275
2273
2272
2273
2274
2274
2273
2275
2276
2278
2277
2278
2279
2277
2276
2277
2278
2278
2277
2279
2280
2282
2281
2282
2283
2281
2280
2281
2282
2282
2281
2283
2284
2286
2285
2286
2287
2285
2284
2285
2286
2286
2285
2287
2288
2290
2289
2290
2291
2289
2288
2289
2290
2290
2289
2291
2292
2294
2293
2294
2295
2293
2292
2293
2294
2294
2293
2295
2296
2298
2297
2298
2299
2297
2296
2297
2298
2298
2297
2299
2300
2302
2301
2302
2303
2301
2300
2301
2302
2302
2301
2303
2304
2306
2305
2306
2307
2305
2304
2305
2306
2306
2305
2307
2308
2310
2309
2310
2311
2309
2308
2309
2310
2310
2309
2311
2312
2314
2313
2314
2315
2313
2312
2313
2314
2314
2313
2315
2316
2318
2317
2318
2319
2317
2316
2317
2318
2318
2317
2319
2320
2322
2321
2322
2323
2321
2320
2321
2322
2322
2321
2323
2324
2326
2325
2326
2327
2325
2324
2325
2326
2326
2325
2327
2328
2330
2329
2330
2331
2329
2328
2329
2330
2330
2329
2331
2332
2334
2333
2334
2335
2333
2332
2333
2334
2334
2333
2335
2336
2338
2337
2338
2339
2337
2336
2337
2338
2338
2337
2339
2340
2342
2341
2342
2343
2341
2340
2341
2342
2342
2341
2343
2344
2346
2345
2346
2347
2345
2344
2345
2346
2346
2345
2347
2348
2350
2349
2350
2351
2349
2348
2349
2350
2350
2349
2351
2352
2354
2353
2354
2355
2353
2352
2353
2354
2354
2353
2355
2356
2358
2357
2358
2359
2357
2356
2357
2358
2358
2357
2359
2360
2362
2361
2362
2363
2361
2360
2361
2362
2362
2361
2363
2364
2366
2365
2366
2367
2365
2364
2365
2366
2366
2365
2367
2368
2370
2369
2370
2371
2369
2368
2369
2370
2370
2369
2371
2372
2374
2373
2374
2375
2373
2372
2373
2374
2374
2373
2375
2376
2378
2377
2378
2379
2377
2376
2377
2378
2378
2377
2379
2380
2382
2381
2382
2383
2381
2380
2381
2382
2382
2381
2383
2384
2386
2385
2386
2387
2385
2384
2385
2386
2386
2385
2387
2388
2390
2389
2390
2391
2389
2388
2389
2390
2390
2389
2391
2392
2394
2393
2394
2395
2393
2392
2393
2394
2394
2393
2395
2396
2398
2397
2398
2399
2397
2396
2397
2398
2398
2397
2399
2400
2402
2401
2402
2403
2401
2400
2401
2402
2402
2401
2403
2404
2406
2405
2406
2407
2405
2404
2405
2406
2406
2405
2407
2408
2410
2409
2410
2411
2409
2408
2409
2410
2410
2409
2411
2412
2414
2413
2414
2415
2413
2412
2413
2414
2414
2413
2415
2416
2418
2417
2418
2419
2417
2416
2417
2418
2418
2417
2419
2420
2422
2421
2422
2423
2421
2420
2421
2422
2422
2421
2423
2424
2426
2425
2426
2427
2425
2424
2425
2426
2426
2425
2427
2428
2430
2429
2430
2431
2429
2428
2429
2430
2430
2429
2431
2432
2434
2433
2434
2435
2433
2432
2433
2434
2434
2433
2435
2436
2438
2437
2438
2439
2437
2436
2437
2438
2438
2437
2439
2440
2442
2441
2442
2443
2441
2440
2441
2442
2442
2441
2443
2444
2446
2445
2446
2447
2445
2444
2445
2446
2446
2445
2447
2448
2450
2449
2450
2451
2449
2448
2449
2450
2450
2449
2451
2452
2454
2453
2454
2455
2453
2452
2453
2454
2454
2453
2455
2456
2458
2457
2458
2459
2457
2456
2457
2458
2458
2457
2459
2460
2462
2461
2462
2463
2461
2460
2461
2462
2462
2461
2463
2464
2466
2465
2466
2467
2465
2464
2465
2466
2466
2465
2467
2468
2470
2469
2470
2471
2469
2468
2469
2470
2470
2469
2471
2472
2474
2473
2474
2475
2473
2472
2473
2474
2474
2473
2475
2476
2478
2477
2478
2479
2477
2476
2477
2478
2478
2477
2479
2480
2482
2481
2482
2483
2481
2480
2481
2482
2482
2481
2483
2484
2486
2485
2486
2487
2485
2484
2485
2486
2486
2485
2487
2488
2490
2489
2490
2491
2489
2488
2489
2490
2490
2489
2491
2492
2494
2493
2494
2495
2493
2492
2493
2494
2494
2493
2495
2496
2498
2497
2498
2499
2497
2496
2497
2498
2498
2497
2499
2500
2502
2501
2502
2503
2501
2500
2501
2502
2502
2501
2503
2504
2506
2505
2506
2507
2505
2504
2505
2506
2506
2505
2507
2508
2510
2509
2510
2511
2509
2508
2509
2510
2510
2509
2511
2512
2514
2513
2514
2515
2513
2512
2513
2514
2514
2513
2515
2516
2518
2517
2518
2519
2517
2516
2517
2518
2518
2517
2519
2520
2522
2521
2522
2523
2521
2520
2521
2522
2522
2521
2523
2524
2526
2525
2526
2527
2525
2524
2525
2526
2526
2525
2527
2528
2530
2529
2530
2531
2529
2528
2529
2530
2530
2529
2531
2532
2534
2533
2534
2535
2533
2532
2533
2534
2534
2533
2535
2536
2538
2537
2538
2539
2537
2536
2537
2538
2538
2537
2539
2540
2542
2541
2542
2543
2541
2540
2541
2542
2542
2541
2543
2544
2546
2545
2546
2547
2545
2544
2545
2546
2546
2545
2547
2548
2550
2549
2550
2551
2549
2548
2549
2550
2550
2549
2551
2552
2554
2553
2554
2555
2553
2552
2553
2554
2554
2553
2555
2556
2558
2557
2558
2559
2557
2556
2557
2558
2558
2557
2559
2560
2562
2561
2562
2563
2561
2560
2561
2562
2562
2561
2563
2564
2566
2565
2566
2567
2565
2564
2565
2566
2566
2565
2567
2568
2570
2569
2570
2571
2569
2568
2569
2570
2570
2569
2571
2572
2574
2573
2574
2575
2573
2572
2573
2574
2574
2573
2575
2576
2578
2577
2578
2579
2577
2576
2577
2578
2578
2577
2579
2580
2582
2581
2582
2583
2581
2580
2581
2582
2582
2581
2583
2584
2586
2585
2586
2587
2585
2584
2585
2586
2586
2585
2587
2588
2590
2589
2590
2591
2589
2588
2589
2590
2590
2589
2591
2592
2594
2593
2594
2595
2593
2592
2593
2594
2594
2593
2595
2596
2598
2597
2598
2599
2597
2596
2597
2598
2598
2597
2599
2600
2602
2601
2602
2603
2601
2600
2601
2602
2602
2601
2603
2604
2606
2605
2606
2607
2605
2604
2605
2606
2606
2605
2607
2608
2610
2609
2610
2611
2609
2608
2609
2610
2610
2609
2611
2612
2614
2613
2614
2615
2613
2612
2613
2614
2614
2613
2615
2616
2618
2617
2618
2619
2617
2616
2617
2618
2618
2617
2619
2620
2622
2621
2622
2623
2621
2620
2621
2622
2622
2621
2623
2624
2626
2625
2626
2627
2625
2624
2625
2626
2626
2625
2627
2628
2630
2629
2630
2631
2629
2628
2629
2630
2630
2629
2631
2632
2634
2633
2634
2635
2633
2632
2633
2634
2634
2633
2635
2636
2638
2637
2638
2639
2637
2636
2637
2638
2638
2637
2639
2640
2642
2641
2642
2643
2641
2640
2641
2642
2642
2641
2643
2644
2646
2645
2646
2647
2645
2644
2645
2646
2646
2645
2647
2648
2650
2649
2650
2651
2649
2648
2649
2650
2650
2649
2651
2652
2654
2653
2654
2655
2653
2652
2653
2654
2654
2653
2655
2656
2658
2657
2658
2659
2657
2656
2657
2658
2658
2657
2659
2660
2662
2661
2662
2663
2661
2660
2661
2662
2662
2661
2663
2664
2666
2665
2666
2667
2665
2664
2665
2666
2666
2665
2667
2668
2670
2669
2670
2671
2669
2668
2669
2670
2670
2669
2671
2672
2674
2673
2674
2675
2673
2672
2673
2674
2674
2673
2675
2676
2678
2677
2678
2679
2677
2676
2677
2678
2678
2677
2679
2680
2682
2681
2682
2683
2681
2680
2681
2682
2682
2681
2683
2684
2686
2685
2686
2687
2685
2684
2685
2686
2686
2685
2687
2688
2690
2689
2690
2691
2689
2688
2689
2690
2690
2689
2691
2692
2694
2693
2694
2695
2693
2692
2693
2694
2694
2693
2695
2696
2698
2697
2698
2699
2697
2696
2697
2698
2698
2697
2699
2700
2702
2701
2702
2703
2701
2700
2701
2702
2702
2701
2703
2704
2706
2705
2706
2707
2705
2704
2705
2706
2706
2705
2707
2708
2710
2709
2710
2711
2709
2708
2709
2710
2710
2709
2711
2712
2714
2713
2714
2715
2713
2712
2713
2714
2714
2713
2715
2716
2718
2717
2718
2719
2717
2716
2717
2718
2718
2717
2719
2720
2722
2721
2722
2723
2721
2720
2721
2722
2722
2721
2723
2724
2726
2725
2726
2727
2725
2724
2725
2726
2726
2725
2727
2728
2730
2729
2730
2731
2729
2728
2729
2730
2730
2729
2731
2732
2734
2733
2734
2735
2733
2732
2733
2734
2734
2733
2735
2736
2738
2737
2738
2739
2737
2736
2737
2738
2738
2737
2739
2740
2742
2741
2742
2743
2741
2740
2741
2742
2742
2741
2743
2744
2746
2745
2746
2747
2745
2744
2745
2746
2746
2745
2747
2748
2750
2749
2750
2751
2749
2748
2749
2750
2750
2749
2751
2752
2754
2753
2754
2755
2753
2752
2753
2754
2754
2753
2755
2756
2758
2757
2758
2759
2757
2756
2757
2758
2758
2757
2759
2760
2762
2761
2762
2763
2761
2760
2761
2762
2762
2761
2763
2764
2766
2765
2766
2767
2765
2764
2765
2766
2766
2765
2767
2768
2770
2769
2770
2771
2769
2768
2769
2770
2770
2769
2771
2772
2774
2773
2774
2775
2773
2772
2773
2774
2774
2773
2775
2776
2778
2777
2778
2779
2777
2776
2777
2778
2778
2777
2779
2780
2782
2781
2782
2783
2781
2780
2781
2782
2782
2781
2783
2784
2786
2785
2786
2787
2785
2784
2785
2786
2786
2785
2787
2788
2790
2789
2790
2791
2789
2788
2789
2790
2790
2789
2791
2792
2794
2793
2794
2795
2793
2792
2793
2794
2794
2793
2795
2796
2798
2797
2798
2799
2797
2796
2797
2798
2798
2797
2799
2800
2802
2801
2802
2803
2801
2800
2801
2802
2802
2801
2803
2804
2806
2805
2806
2807
2805
2804
2805
2806
2806
2805
2807
2808
2810
2809
2810
2811
2809
2808
2809
2810
2810
2809
2811
2812
2814
2813
2814
2815
2813
2812
2813
2814
2814
2813
2815
2816
2818
2817
2818
2819
2817
2816
2817
2818
2818
2817
2819
2820
2822
2821
2822
2823
2821
2820
2821
2822
2822
2821
2823
2824
2826
2825
2826
2827
2825
2824
2825
2826
2826
2825
2827
2828
2830
2829
2830
2831
2829
2828
2829
2830
2830
2829
2831
2832
2834
2833
2834
2835
2833
2832
2833
2834
2834
2833
2835
2836
2838
2837
2838
2839
2837
2836
2837
2838
2838
2837
2839
2840
2842
2841
2842
2843
2841
2840
2841
2842
2842
2841
2843
2844
2846
2845
2846
2847
2845
2844
2845
2846
2846
2845
2847
2848
2850
2849
2850
2851
2849
2848
2849
2850
2850
2849
2851
2852
2854
2853
2854
2855
2853
2852
2853
2854
2854
2853
2855
2856
2858
2857
2858
2859
2857
2856
2857
2858
2858
2857
2859
2860
2862
2861
2862
2863
2861
2860
2861
2862
2862
2861
2863
2864
2866
2865
2866
2867
2865
2864
2865
2866
2866
2865
2867
2868
2870
2869
2870
2871
2869
2868
2869
2870
2870
2869
2871
2872
2874
2873
2874
2875
2873
2872
2873
2874
2874
2873
2875
2876
2878
2877
2878
2879
2877
2876
2877
2878
2878
2877
2879
2880
2882
2881
2882
2883
2881
2880
2881
2882
2882
2881
2883
2884
2886
2885
2886
2887
2885
2884
2885
2886
2886
2885
2887
2888
2890
2889
2890
2891
2889
2888
2889
2890
2890
2889
2891
2892
2894
2893
2894
2895
2893
2892
2893
2894
2894
2893
2895
2896
2898
2897
2898
2899
2897
2896
2897
2898
2898
2897
2899
2900
2902
2901
2902
2903
2901
2900
2901
2902
2902
2901
2903
2904
2906
2905
2906
2907
2905
2904
2905
2906
2906
2905
2907
2908
2910
2909
2910
2911
2909
2908
2909
2910
2910
2909
2911
2912
2914
2913
2914
2915
2913
2912
2913
2914
2914
2913
2915
2916
2918
2917
2918
2919
2917
2916
2917
2918
2918
2917
2919
2920
2922
2921
2922
2923
2921
2920
2921
2922
2922
2921
2923
2924
2926
2925
2926
2927
2925
2924
2925
2926
2926
2925
2927
2928
2930
2929
2930
2931
2929
2928
2929
2930
2930
2929
2931
2932
2934
2933
2934
2935
2933
2932
2933
2934
2934
2933
2935
2936
2938
2937
2938
2939
2937
2936
2937
2938
2938
2937
2939
2940
2942
2941
2942
2943
2941
2940
2941
2942
2942
2941
2943
2944
2946
2945
2946
2947
2945
2944
2945
2946
2946
2945
2947
2948
2950
2949
2950
2951
2949
2948
2949
2950
2950
2949
2951
2952
2954
2953
2954
2955
2953
2952
2953
2954
2954
2953
2955
2956
2958
2957
2958
2959
2957
2956
2957
2958
2958
2957
2959
2960
2962
2961
2962
2963
2961
2960
2961
2962
2962
2961
2963
2964
2966
2965
2966
2967
2965
2964
2965
2966
2966
2965
2967
2968
2970
2969
2970
2971
2969
2968
2969
2970
2970
2969
2971
2972
2974
2973
2974
2975
2973
2972
2973
2974
2974
2973
2975
2976
2978
2977
2978
2979
2977
2976
2977
2978
2978
2977
2979
2980
2982
2981
2982
2983
2981
2980
2981
2982
2982
2981
2983
2984
2986
2985
2986
2987
2985
2984
2985
2986
2986
2985
2987
2988
2990
2989
2990
2991
2989
2988
2989
2990
2990
2989
2991
2992
2994
2993
2994
2995
2993
2992
2993
2994
2994
2993
2995
2996
2998
2997
2998
2999
2997
2996
2997
2998
2998
2997
2999
3000
3002
3001
3002
3003
3001
3000
3001
3002
3002
3001
3003
3004
3006
3005
3006
3007
3005
3004
3005
3006
3006
3005
3007
3008
3010
3009
3010
3011
3009
3008
3009
3010
3010
3009
3011
3012
3014
3013
3014
3015
3013
3012
3013
3014
3014
3013
3015
3016
3018
3017
3018
3019
3017
3016
3017
3018
3018
3017
3019
3020
3022
3021
3022
3023
3021
3020
3021
3022
3022
3021
3023
3024
3026
3025
3026
3027
3025
3024
3025
3026
3026
3025
3027
3028
3030
3029
3030
3031
3029
3028
3029
3030
3030
3029
3031
3032
3034
3033
3034
3035
3033
3032
3033
3034
3034
3033
3035
3036
3038
3037
3038
3039
3037
3036
3037
3038
3038
3037
3039
3040
3042
3041
3042
3043
3041
3040
3041
3042
3042
3041
3043
3044
3046
3045
3046
3047
3045
3044
3045
3046
3046
3045
3047
3048
3050
3049
3050
3051
3049
3048
3049
3050
3050
3049
3051
3052
3054
3053
3054
3055
3053
3052
3053
3054
3054
3053
3055
3056
3058
3057
3058
3059
3057
3056
3057
3058
3058
3057
3059
3060
3062
3061
3062
3063
3061
3060
3061
3062
3062
3061
3063
3064
3066
3065
3066
3067
3065
3064
3065
3066
3066
3065
3067
3068
3070
3069
3070
3071
3069
3068
3069
3070
3070
3069
3071
3072
3074
3073
3074
3075
3073
3072
3073
3074
3074
3073
3075
3076
3078
3077
3078
3079
3077
3076
3077
3078
3078
3077
3079
3080
3082
3081
3082
3083
3081
3080
3081
3082
3082
3081
3083
3084
3086
3085
3086
3087
3085
3084
3085
3086
3086
3085
3087
3088
3090
3089
3090
3091
3089
3088
3089
3090
3090
3089
3091
3092
3094
3093
3094
3095
3093
3092
3093
3094
3094
3093
3095
3096
3098
3097
3098
3099
3097
3096
3097
3098
3098
3097
3099
3100
3102
3101
3102
3103
3101
3100
3101
3102
3102
3101
3103
3104
3106
3105
3106
3107
3105
3104
3105
3106
3106
3105
3107
3108
3110
3109
3110
3111
3109
3108
3109
3110
3110
3109
3111
3112
3114
3113
3114
3115
3113
3112
3113
3114
3114
3113
3115
3116
3118
3117
3118
3119
3117
3116
3117
3118
3118
3117
3119
3120
3122
3121
3122
3123
3121
3120
3121
3122
3122
3121
3123
3124
3126
3125
3126
3127
3125
3124
3125
3126
3126
3125
3127
3128
3130
3129
3130
3131
3129
3128
3129
3130
3130
3129
3131
3132
3134
3133
3134
3135
3133
3132
3133
3134
3134
3133
3135
3136
3138
3137
3138
3139
3137
3136
3137
3138
3138
3137
3139
3140
3142
3141
3142
3143
3141
3140
3141
3142
3142
3141
3143
3144
3146
3145
3146
3147
3145
3144
3145
3146
3146
3145
3147
3148
3150
3149
3150
3151
3149
3148
3149
3150
3150
3149
3151
3152
3154
3153
3154
3155
3153
3152
3153
3154
3154
3153
3155
3156
3158
3157
3158
3159
3157
3156
3157
3158
3158
3157
3159
3160
3162
3161
3162
3163
3161
3160
3161
3162
3162
3161
3163
3164
3166
3165
3166
3167
3165
3164
3165
3166
3166
3165
3167
3168
3170
3169
3170
3171
3169
3168
3169
3170
3170
3169
3171
3172
3174
3173
3174
3175
3173
3172
3173
3174
3174
3173
3175
3176
3178
3177
3178
3179
3177
3176
3177
3178
3178
3177
3179
3180
3182
3181
3182
3183
3181
3180
3181
3182
3182
3181
3183
3184
3186
3185
3186
3187
3185
3184
3185
3186
3186
3185
3187
3188
3190
3189
3190
3191
3189
3188
3189
3190
3190
3189
3191
3192
3194
3193
3194
3195
3193
3192
3193
3194
3194
3193
3195
3196
3198
3197
3198
3199
3197
3196
3197
3198
3198
3197
3199
3200
3202
3201
3202
3203
3201
3200
3201
3202
3202
3201
3203
3204
3206
3205
3206
3207
3205
3204
3205
3206
3206
3205
3207
3208
3210
3209
3210
3211
3209
3208
3209
3210
3210
3209
3211
3212
3214
3213
3214
3215
3213
3212
3213
3214
3214
3213
3215
3216
3218
3217
3218
3219
3217
3216
3217
3218
3218
3217
3219
3220
3222
3221
3222
3223
3221
3220
3221
3222
3222
3221
3223
3224
3226
3225
3226
3227
3225
3224
3225
3226
3226
3225
3227
3228
3230
3229
3230
3231
3229
3228
3229
3230
3230
3229
3231
3232
3234
3233
3234
3235
3233
3232
3233
3234
3234
3233
3235
3236
3238
3237
3238
3239
3237
3236
3237
3238
3238
3237
3239
3240
3242
3241
3242
3243
3241
3240
3241
3242
3242
3241
3243
3244
3246
3245
3246
3247
3245
3244
3245
3246
3246
3245
3247
3248
3250
3249
3250
3251
3249
3248
3249
3250
3250
3249
3251
3252
3254
3253
3254
3255
3253
3252
3253
3254
3254
3253
3255
3256
3258
3257
3258
3259
3257
3256
3257
3258
3258
3257
3259
3260
3262
3261
3262
3263
3261
3260
3261
3262
3262
3261
3263
3264
3266
3265
3266
3267
3265
3264
3265
3266
3266
3265
3267
3268
3270
3269
3270
3271
3269
3268
3269
3270
3270
3269
3271
3272
3274
3273
3274
3275
3273
3272
3273
3274
3274
3273
3275
3276
3278
3277
3278
3279
3277
3276
3277
3278
3278
3277
3279
3280
3282
3281
3282
3283
3281
3280
3281
3282
3282
3281
3283
3284
3286
3285
3286
3287
3285
3284
3285
3286
3286
3285
3287
3288
3290
3289
3290
3291
3289
3288
3289
3290
3290
3289
3291
3292
3294
3293
3294
3295
3293
3292
3293
3294
3294
3293
3295
3296
3298
3297
3298
3299
3297
3296
3297
3298
3298
3297
3299
3300
3302
3301
3302
3303
3301
3300
3301
3302
3302
3301
3303
3304
3306
3305
3306
3307
3305
3304
3305
3306
3306
3305
3307
3308
3310
3309
3310
3311
3309
3308
3309
3310
3310
3309
3311
3312
3314
3313
3314
3315
3313
3312
3313
3314
3314
3313
3315
3316
3318
3317
3318
3319
3317
3316
3317
3318
3318
3317
3319
3320
3322
3321
3322
3323
3321
3320
3321
3322
3322
3321
3323
3324
3326
3325
3326
3327
3325
3324
3325
3326
3326
3325
3327
3328
3330
3329
3330
3331
3329
3328
3329
3330
3330
3329
3331
3332
3334
3333
3334
3335
3333
3332
3333
3334
3334
3333
3335
3336
3338
3337
3338
3339
3337
3336
3337
3338
3338
3337
3339
3340
3342
3341
3342
3343
3341
3340
3341
3342
3342
3341
3343
3344
3346
3345
3346
3347
3345
3344
3345
3346
3346
3345
3347
3348
3350
3349
3350
3351
3349
3348
3349
3350
3350
3349
3351
3352
3354
3353
3354
3355
3353
3352
3353
3354
3354
3353
3355
3356
3358
3357
3358
3359
3357
3356
3357
3358
3358
3357
3359
3360
3362
3361
3362
3363
3361
3360
3361
3362
3362
3361
3363
3364
3366
3365
3366
3367
3365
3364
3365
3366
3366
3365
3367
3368
3370
3369
3370
3371
3369
3368
3369
3370
3370
3369
3371
3372
3374
3373
3374
3375
3373
3372
3373
3374
3374
3373
3375
3376
3378
3377
3378
3379
3377
3376
3377
3378
3378
3377
3379
3380
3382
3381
3382
3383
3381
3380
3381
3382
3382
3381
3383
3384
3386
3385
3386
3387
3385
3384
3385
3386
3386
3385
3387
3388
3390
3389
3390
3391
3389
3388
3389
3390
3390
3389
3391
3392
3394
3393
3394
3395
3393
3392
3393
3394
3394
3393
3395
3396
3398
3397
3398
3399
3397
3396
3397
3398
3398
3397
3399
3400
3402
3401
3402
3403
3401
3400
3401
3402
3402
3401
3403
3404
3406
3405
3406
3407
3405
3404
3405
3406
3406
3405
3407
3408
3410
3409
3410
3411
3409
3408
3409
3410
3410
3409
3411
3412
3414
3413
3414
3415
3413
3412
3413
3414
3414
3413
3415
3416
3418
3417
3418
3419
3417
3416
3417
3418
3418
3417
3419
3420
3422
3421
3422
3423
3421
3420
3421
3422
3422
3421
3423
3424
3426
3425
3426
3427
3425
3424
3425
3426
3426
3425
3427
3428
3430
3429
3430
3431
3429
3428
3429
3430
3430
3429
3431
3432
3434
3433
3434
3435
3433
3432
3433
3434
3434
3433
3435
3436
3438
3437
3438
3439
3437
3436
3437
3438
3438
3437
3439
3440
3442
3441
3442
3443
3441
3440
3441
3442
3442
3441
3443
3444
3446
3445
3446
3447
3445
3444
3445
3446
3446
3445
3447
3448
3450
3449
3450
3451
3449
3448
3449
3450
3450
3449
3451
3452
3454
3453
3454
3455
3453
3452
3453
3454
3454
3453
3455
3456
3458
3457
3458
3459
3457
3456
3457
3458
3458
3457
3459
3460
3462
3461
3462
3463
3461
3460
3461
3462
3462
3461
3463
3464
3466
3465
3466
3467
3465
3464
3465
3466
3466
3465
3467
3468
3470
3469
3470
3471
3469
3468
3469
3470
3470
3469
3471
3472
3474
3473
3474
3475
3473
3472
3473
3474
3474
3473
3475
3476
3478
3477
3478
3479
3477
3476
3477
3478
3478
3477
3479
3480
3482
3481
3482
3483
3481
3480
3481
3482
3482
3481
3483
3484
3486
3485
3486
3487
3485
3484
3485
3486
3486
3485
3487
3488
3490
3489
3490
3491
3489
3488
3489
3490
3490
3489
3491
3492
3494
3493
3494
3495
3493
3492
3493
3494
3494
3493
3495
3496
3498
3497
3498
3499
3497
3496
3497
3498
3498
3497
3499
3500
3502
3501
3502
3503
3501
3500
3501
3502
3502
3501
3503
3504
3506
3505
3506
3507
3505
3504
3505
3506
3506
3505
3507
3508
3510
3509
3510
3511
3509
3508
3509
3510
3510
3509
3511
3512
3514
3513
3514
3515
3513
3512
3513
3514
3514
3513
3515
3516
3518
3517
3518
3519
3517
3516
3517
3518
3518
3517
3519
3520
3522
3521
3522
3523
3521
3520
3521
3522
3522
3521
3523
3524
3526
3525
3526
3527
3525
3524
3525
3526
3526
3525
3527
3528
3530
3529
3530
3531
3529
3528
3529
3530
3530
3529
3531
3532
3534
3533
3534
3535
3533
3532
3533
3534
3534
3533
3535
3536
3538
3537
3538
3539
3537
3536
3537
3538
3538
3537
3539
3540
3542
3541
3542
3543
3541
3540
3541
3542
3542
3541
3543
3544
3546
3545
3546
3547
3545
3544
3545
3546
3546
3545
3547
3548
3550
3549
3550
3551
3549
3548
3549
3550
3550
3549
3551
3552
3554
3553
3554
3555
3553
3552
3553
3554
3554
3553
3555
3556
3558
3557
3558
3559
3557
3556
3557
3558
3558
3557
3559
3560
3562
3561
3562
3563
3561
3560
3561
3562
3562
3561
3563
3564
3566
3565
3566
3567
3565
3564
3565
3566
3566
3565
3567
3568
3570
3569
3570
3571
3569
3568
3569
3570
3570
3569
3571
3572
3574
3573
3574
3575
3573
3572
3573
3574
3574
3573
3575
3576
3578
3577
3578
3579
3577
3576
3577
3578
3578
3577
3579
3580
3582
3581
3582
3583
3581
3580
3581
3582
3582
3581
3583
3584
3586
3585
3586
3587
3585
3584
3585
3586
3586
3585
3587
3588
3590
3589
3590
3591
3589
3588
3589
3590
3590
3589
3591
3592
3594
3593
3594
3595
3593
3592
3593
3594
3594
3593
3595
3596
3598
3597
3598
3599
3597
3596
3597
3598
3598
3597
3599
