-10.0 -10.0 8.166667 
-10.0 -6.666667 10.018518 
-6.666667 -10.0 4.000001 
-6.666667 -6.666667 5.8518524 
-6.666667 -10.0 4.000001 
-6.666667 -6.666667 5.8518524 
-3.3333337 -10.0 1.5000002 
-3.3333337 -6.666667 3.3518517 
-3.3333337 -10.0 1.5000002 
-3.3333337 -6.666667 3.3518517 
-4.7683716E-7 -10.0 0.66666675 
-4.7683716E-7 -6.666667 2.5185182 
-4.7683716E-7 -10.0 0.66666675 
-4.7683716E-7 -6.666667 2.5185182 
3.3333328 -10.0 1.4999998 
3.3333328 -6.666667 3.3518512 
3.3333328 -10.0 1.4999998 
3.3333328 -6.666667 3.3518512 
6.666666 -10.0 3.9999998 
6.666666 -6.666667 5.8518515 
6.666666 -10.0 3.9999998 
6.666666 -6.666667 5.8518515 
9.999999 -10.0 8.166665 
9.999999 -6.666667 10.018517 
-10.0 -6.666667 10.018518 
-10.0 -3.3333337 11.129629 
-6.666667 -6.666667 5.8518524 
-6.666667 -3.3333337 6.9629636 
-6.666667 -6.666667 5.8518524 
-6.666667 -3.3333337 6.9629636 
-3.3333337 -6.666667 3.3518517 
-3.3333337 -3.3333337 4.462963 
-3.3333337 -6.666667 3.3518517 
-3.3333337 -3.3333337 4.462963 
-4.7683716E-7 -6.666667 2.5185182 
-4.7683716E-7 -3.3333337 3.6296296 
-4.7683716E-7 -6.666667 2.5185182 
-4.7683716E-7 -3.3333337 3.6296296 
3.3333328 -6.666667 3.3518512 
3.3333328 -3.3333337 4.4629626 
3.3333328 -6.666667 3.3518512 
3.3333328 -3.3333337 4.4629626 
6.666666 -6.666667 5.8518515 
6.666666 -3.3333337 6.9629626 
6.666666 -6.666667 5.8518515 
6.666666 -3.3333337 6.9629626 
9.999999 -6.666667 10.018517 
9.999999 -3.3333337 11.129627 
-10.0 -3.3333337 11.129629 
-10.0 -4.7683716E-7 11.5 
-6.666667 -3.3333337 6.9629636 
-6.666667 -4.7683716E-7 7.333334 
-6.666667 -3.3333337 6.9629636 
-6.666667 -4.7683716E-7 7.333334 
-3.3333337 -3.3333337 4.462963 
-3.3333337 -4.7683716E-7 4.8333335 
-3.3333337 -3.3333337 4.462963 
-3.3333337 -4.7683716E-7 4.8333335 
-4.7683716E-7 -3.3333337 3.6296296 
-4.7683716E-7 -4.7683716E-7 4.0 
-4.7683716E-7 -3.3333337 3.6296296 
-4.7683716E-7 -4.7683716E-7 4.0 
3.3333328 -3.3333337 4.4629626 
3.3333328 -4.7683716E-7 4.833333 
3.3333328 -3.3333337 4.4629626 
3.3333328 -4.7683716E-7 4.833333 
6.666666 -3.3333337 6.9629626 
6.666666 -4.7683716E-7 7.333333 
6.666666 -3.3333337 6.9629626 
6.666666 -4.7683716E-7 7.333333 
9.999999 -3.3333337 11.129627 
9.999999 -4.7683716E-7 11.499998 
-10.0 -4.7683716E-7 11.5 
-10.0 3.3333328 11.12963 
-6.666667 -4.7683716E-7 7.333334 
-6.666667 3.3333328 6.9629636 
-6.666667 -4.7683716E-7 7.333334 
-6.666667 3.3333328 6.9629636 
-3.3333337 -4.7683716E-7 4.8333335 
-3.3333337 3.3333328 4.462963 
-3.3333337 -4.7683716E-7 4.8333335 
-3.3333337 3.3333328 4.462963 
-4.7683716E-7 -4.7683716E-7 4.0 
-4.7683716E-7 3.3333328 3.6296296 
-4.7683716E-7 -4.7683716E-7 4.0 
-4.7683716E-7 3.3333328 3.6296296 
3.3333328 -4.7683716E-7 4.833333 
3.3333328 3.3333328 4.4629626 
3.3333328 -4.7683716E-7 4.833333 
3.3333328 3.3333328 4.4629626 
6.666666 -4.7683716E-7 7.333333 
6.666666 3.3333328 6.9629626 
6.666666 -4.7683716E-7 7.333333 
6.666666 3.3333328 6.9629626 
9.999999 -4.7683716E-7 11.499998 
9.999999 3.3333328 11.129628 
-10.0 3.3333328 11.12963 
-10.0 6.666666 10.018518 
-6.666667 3.3333328 6.9629636 
-6.666667 6.666666 5.851853 
-6.666667 3.3333328 6.9629636 
-6.666667 6.666666 5.851853 
-3.3333337 3.3333328 4.462963 
-3.3333337 6.666666 3.3518524 
-3.3333337 3.3333328 4.462963 
-3.3333337 6.666666 3.3518524 
-4.7683716E-7 3.3333328 3.6296296 
-4.7683716E-7 6.666666 2.518519 
-4.7683716E-7 3.3333328 3.6296296 
-4.7683716E-7 6.666666 2.518519 
3.3333328 3.3333328 4.4629626 
3.3333328 6.666666 3.351852 
3.3333328 3.3333328 4.4629626 
3.3333328 6.666666 3.351852 
6.666666 3.3333328 6.9629626 
6.666666 6.666666 5.851852 
6.666666 3.3333328 6.9629626 
6.666666 6.666666 5.851852 
9.999999 3.3333328 11.129628 
9.999999 6.666666 10.018517 
-10.0 6.666666 10.018518 
-10.0 9.999999 8.166667 
-6.666667 6.666666 5.851853 
-6.666667 9.999999 4.000001 
-6.666667 6.666666 5.851853 
-6.666667 9.999999 4.000001 
-3.3333337 6.666666 3.3518524 
-3.3333337 9.999999 1.5000007 
-3.3333337 6.666666 3.3518524 
-3.3333337 9.999999 1.5000007 
-4.7683716E-7 6.666666 2.518519 
-4.7683716E-7 9.999999 0.6666672 
-4.7683716E-7 6.666666 2.518519 
-4.7683716E-7 9.999999 0.6666672 
3.3333328 6.666666 3.351852 
3.3333328 9.999999 1.5000002 
3.3333328 6.666666 3.351852 
3.3333328 9.999999 1.5000002 
6.666666 6.666666 5.851852 
6.666666 9.999999 4.0 
6.666666 6.666666 5.851852 
6.666666 9.999999 4.0 
9.999999 6.666666 10.018517 
9.999999 9.999999 8.166665 
