-10.0 -10.0 8.166667 
-10.0 -9.0 8.8 
-9.0 -10.0 6.7416677 
-9.0 -9.0 7.375001 
-9.0 -10.0 6.7416677 
-9.0 -9.0 7.375001 
-8.0 -10.0 5.466667 
-8.0 -9.0 6.1000004 
-8.0 -10.0 5.466667 
-8.0 -9.0 6.1000004 
-7.0 -10.0 4.341667 
-7.0 -9.0 4.9750004 
-7.0 -10.0 4.341667 
-7.0 -9.0 4.9750004 
-6.0 -10.0 3.3666666 
-6.0 -9.0 3.9999998 
-6.0 -10.0 3.3666666 
-6.0 -9.0 3.9999998 
-5.0 -10.0 2.5416667 
-5.0 -9.0 3.175 
-5.0 -10.0 2.5416667 
-5.0 -9.0 3.175 
-4.0 -10.0 1.8666666 
-4.0 -9.0 2.4999998 
-4.0 -10.0 1.8666666 
-4.0 -9.0 2.4999998 
-3.0 -10.0 1.3416669 
-3.0 -9.0 1.9750001 
-3.0 -10.0 1.3416669 
-3.0 -9.0 1.9750001 
-2.0 -10.0 0.96666694 
-2.0 -9.0 1.6000001 
-2.0 -10.0 0.96666694 
-2.0 -9.0 1.6000001 
-1.0 -10.0 0.74166656 
-1.0 -9.0 1.3749998 
-1.0 -10.0 0.74166656 
-1.0 -9.0 1.3749998 
0.0 -10.0 0.66666675 
0.0 -9.0 1.3 
0.0 -10.0 0.66666675 
0.0 -9.0 1.3 
1.0 -10.0 0.74166656 
1.0 -9.0 1.3749998 
1.0 -10.0 0.74166656 
1.0 -9.0 1.3749998 
2.0 -10.0 0.96666694 
2.0 -9.0 1.6000001 
2.0 -10.0 0.96666694 
2.0 -9.0 1.6000001 
3.0 -10.0 1.3416669 
3.0 -9.0 1.9750001 
3.0 -10.0 1.3416669 
3.0 -9.0 1.9750001 
4.0 -10.0 1.8666666 
4.0 -9.0 2.4999998 
4.0 -10.0 1.8666666 
4.0 -9.0 2.4999998 
5.0 -10.0 2.5416667 
5.0 -9.0 3.175 
5.0 -10.0 2.5416667 
5.0 -9.0 3.175 
6.0 -10.0 3.3666666 
6.0 -9.0 3.9999998 
6.0 -10.0 3.3666666 
6.0 -9.0 3.9999998 
7.0 -10.0 4.341667 
7.0 -9.0 4.9750004 
7.0 -10.0 4.341667 
7.0 -9.0 4.9750004 
8.0 -10.0 5.466667 
8.0 -9.0 6.1000004 
8.0 -10.0 5.466667 
8.0 -9.0 6.1000004 
9.0 -10.0 6.7416677 
9.0 -9.0 7.375001 
9.0 -10.0 6.7416677 
9.0 -9.0 7.375001 
10.0 -10.0 8.166667 
10.0 -9.0 8.8 
-10.0 -9.0 8.8 
-10.0 -8.0 9.366667 
-9.0 -9.0 7.375001 
-9.0 -8.0 7.9416676 
-9.0 -9.0 7.375001 
-9.0 -8.0 7.9416676 
-8.0 -9.0 6.1000004 
-8.0 -8.0 6.666667 
-8.0 -9.0 6.1000004 
-8.0 -8.0 6.666667 
-7.0 -9.0 4.9750004 
-7.0 -8.0 5.541667 
-7.0 -9.0 4.9750004 
-7.0 -8.0 5.541667 
-6.0 -9.0 3.9999998 
-6.0 -8.0 4.5666666 
-6.0 -9.0 3.9999998 
-6.0 -8.0 4.5666666 
-5.0 -9.0 3.175 
-5.0 -8.0 3.7416666 
-5.0 -9.0 3.175 
-5.0 -8.0 3.7416666 
-4.0 -9.0 2.4999998 
-4.0 -8.0 3.0666664 
-4.0 -9.0 2.4999998 
-4.0 -8.0 3.0666664 
-3.0 -9.0 1.9750001 
-3.0 -8.0 2.5416667 
-3.0 -9.0 1.9750001 
-3.0 -8.0 2.5416667 
-2.0 -9.0 1.6000001 
-2.0 -8.0 2.1666667 
-2.0 -9.0 1.6000001 
-2.0 -8.0 2.1666667 
-1.0 -9.0 1.3749998 
-1.0 -8.0 1.9416664 
-1.0 -9.0 1.3749998 
-1.0 -8.0 1.9416664 
0.0 -9.0 1.3 
0.0 -8.0 1.8666666 
0.0 -9.0 1.3 
0.0 -8.0 1.8666666 
1.0 -9.0 1.3749998 
1.0 -8.0 1.9416664 
1.0 -9.0 1.3749998 
1.0 -8.0 1.9416664 
2.0 -9.0 1.6000001 
2.0 -8.0 2.1666667 
2.0 -9.0 1.6000001 
2.0 -8.0 2.1666667 
3.0 -9.0 1.9750001 
3.0 -8.0 2.5416667 
3.0 -9.0 1.9750001 
3.0 -8.0 2.5416667 
4.0 -9.0 2.4999998 
4.0 -8.0 3.0666664 
4.0 -9.0 2.4999998 
4.0 -8.0 3.0666664 
5.0 -9.0 3.175 
5.0 -8.0 3.7416666 
5.0 -9.0 3.175 
5.0 -8.0 3.7416666 
6.0 -9.0 3.9999998 
6.0 -8.0 4.5666666 
6.0 -9.0 3.9999998 
6.0 -8.0 4.5666666 
7.0 -9.0 4.9750004 
7.0 -8.0 5.541667 
7.0 -9.0 4.9750004 
7.0 -8.0 5.541667 
8.0 -9.0 6.1000004 
8.0 -8.0 6.666667 
8.0 -9.0 6.1000004 
8.0 -8.0 6.666667 
9.0 -9.0 7.375001 
9.0 -8.0 7.9416676 
9.0 -9.0 7.375001 
9.0 -8.0 7.9416676 
10.0 -9.0 8.8 
10.0 -8.0 9.366667 
-10.0 -8.0 9.366667 
-10.0 -7.0 9.866667 
-9.0 -8.0 7.9416676 
-9.0 -7.0 8.441668 
-9.0 -8.0 7.9416676 
-9.0 -7.0 8.441668 
-8.0 -8.0 6.666667 
-8.0 -7.0 7.166667 
-8.0 -8.0 6.666667 
-8.0 -7.0 7.166667 
-7.0 -8.0 5.541667 
-7.0 -7.0 6.041667 
-7.0 -8.0 5.541667 
-7.0 -7.0 6.041667 
-6.0 -8.0 4.5666666 
-6.0 -7.0 5.0666666 
-6.0 -8.0 4.5666666 
-6.0 -7.0 5.0666666 
-5.0 -8.0 3.7416666 
-5.0 -7.0 4.241667 
-5.0 -8.0 3.7416666 
-5.0 -7.0 4.241667 
-4.0 -8.0 3.0666664 
-4.0 -7.0 3.5666664 
-4.0 -8.0 3.0666664 
-4.0 -7.0 3.5666664 
-3.0 -8.0 2.5416667 
-3.0 -7.0 3.0416667 
-3.0 -8.0 2.5416667 
-3.0 -7.0 3.0416667 
-2.0 -8.0 2.1666667 
-2.0 -7.0 2.6666667 
-2.0 -8.0 2.1666667 
-2.0 -7.0 2.6666667 
-1.0 -8.0 1.9416664 
-1.0 -7.0 2.4416664 
-1.0 -8.0 1.9416664 
-1.0 -7.0 2.4416664 
0.0 -8.0 1.8666666 
0.0 -7.0 2.3666666 
0.0 -8.0 1.8666666 
0.0 -7.0 2.3666666 
1.0 -8.0 1.9416664 
1.0 -7.0 2.4416664 
1.0 -8.0 1.9416664 
1.0 -7.0 2.4416664 
2.0 -8.0 2.1666667 
2.0 -7.0 2.6666667 
2.0 -8.0 2.1666667 
2.0 -7.0 2.6666667 
3.0 -8.0 2.5416667 
3.0 -7.0 3.0416667 
3.0 -8.0 2.5416667 
3.0 -7.0 3.0416667 
4.0 -8.0 3.0666664 
4.0 -7.0 3.5666664 
4.0 -8.0 3.0666664 
4.0 -7.0 3.5666664 
5.0 -8.0 3.7416666 
5.0 -7.0 4.241667 
5.0 -8.0 3.7416666 
5.0 -7.0 4.241667 
6.0 -8.0 4.5666666 
6.0 -7.0 5.0666666 
6.0 -8.0 4.5666666 
6.0 -7.0 5.0666666 
7.0 -8.0 5.541667 
7.0 -7.0 6.041667 
7.0 -8.0 5.541667 
7.0 -7.0 6.041667 
8.0 -8.0 6.666667 
8.0 -7.0 7.166667 
8.0 -8.0 6.666667 
8.0 -7.0 7.166667 
9.0 -8.0 7.9416676 
9.0 -7.0 8.441668 
9.0 -8.0 7.9416676 
9.0 -7.0 8.441668 
10.0 -8.0 9.366667 
10.0 -7.0 9.866667 
-10.0 -7.0 9.866667 
-10.0 -6.0 10.3 
-9.0 -7.0 8.441668 
-9.0 -6.0 8.875001 
-9.0 -7.0 8.441668 
-9.0 -6.0 8.875001 
-8.0 -7.0 7.166667 
-8.0 -6.0 7.6000004 
-8.0 -7.0 7.166667 
-8.0 -6.0 7.6000004 
-7.0 -7.0 6.041667 
-7.0 -6.0 6.4750004 
-7.0 -7.0 6.041667 
-7.0 -6.0 6.4750004 
-6.0 -7.0 5.0666666 
-6.0 -6.0 5.5 
-6.0 -7.0 5.0666666 
-6.0 -6.0 5.5 
-5.0 -7.0 4.241667 
-5.0 -6.0 4.675 
-5.0 -7.0 4.241667 
-5.0 -6.0 4.675 
-4.0 -7.0 3.5666664 
-4.0 -6.0 3.9999998 
-4.0 -7.0 3.5666664 
-4.0 -6.0 3.9999998 
-3.0 -7.0 3.0416667 
-3.0 -6.0 3.4750001 
-3.0 -7.0 3.0416667 
-3.0 -6.0 3.4750001 
-2.0 -7.0 2.6666667 
-2.0 -6.0 3.1000001 
-2.0 -7.0 2.6666667 
-2.0 -6.0 3.1000001 
-1.0 -7.0 2.4416664 
-1.0 -6.0 2.8749998 
-1.0 -7.0 2.4416664 
-1.0 -6.0 2.8749998 
0.0 -7.0 2.3666666 
0.0 -6.0 2.8 
0.0 -7.0 2.3666666 
0.0 -6.0 2.8 
1.0 -7.0 2.4416664 
1.0 -6.0 2.8749998 
1.0 -7.0 2.4416664 
1.0 -6.0 2.8749998 
2.0 -7.0 2.6666667 
2.0 -6.0 3.1000001 
2.0 -7.0 2.6666667 
2.0 -6.0 3.1000001 
3.0 -7.0 3.0416667 
3.0 -6.0 3.4750001 
3.0 -7.0 3.0416667 
3.0 -6.0 3.4750001 
4.0 -7.0 3.5666664 
4.0 -6.0 3.9999998 
4.0 -7.0 3.5666664 
4.0 -6.0 3.9999998 
5.0 -7.0 4.241667 
5.0 -6.0 4.675 
5.0 -7.0 4.241667 
5.0 -6.0 4.675 
6.0 -7.0 5.0666666 
6.0 -6.0 5.5 
6.0 -7.0 5.0666666 
6.0 -6.0 5.5 
7.0 -7.0 6.041667 
7.0 -6.0 6.4750004 
7.0 -7.0 6.041667 
7.0 -6.0 6.4750004 
8.0 -7.0 7.166667 
8.0 -6.0 7.6000004 
8.0 -7.0 7.166667 
8.0 -6.0 7.6000004 
9.0 -7.0 8.441668 
9.0 -6.0 8.875001 
9.0 -7.0 8.441668 
9.0 -6.0 8.875001 
10.0 -7.0 9.866667 
10.0 -6.0 10.3 
-10.0 -6.0 10.3 
-10.0 -5.0 10.666667 
-9.0 -6.0 8.875001 
-9.0 -5.0 9.241668 
-9.0 -6.0 8.875001 
-9.0 -5.0 9.241668 
-8.0 -6.0 7.6000004 
-8.0 -5.0 7.9666667 
-8.0 -6.0 7.6000004 
-8.0 -5.0 7.9666667 
-7.0 -6.0 6.4750004 
-7.0 -5.0 6.8416667 
-7.0 -6.0 6.4750004 
-7.0 -5.0 6.8416667 
-6.0 -6.0 5.5 
-6.0 -5.0 5.8666663 
-6.0 -6.0 5.5 
-6.0 -5.0 5.8666663 
-5.0 -6.0 4.675 
-5.0 -5.0 5.0416665 
-5.0 -6.0 4.675 
-5.0 -5.0 5.0416665 
-4.0 -6.0 3.9999998 
-4.0 -5.0 4.3666663 
-4.0 -6.0 3.9999998 
-4.0 -5.0 4.3666663 
-3.0 -6.0 3.4750001 
-3.0 -5.0 3.841667 
-3.0 -6.0 3.4750001 
-3.0 -5.0 3.841667 
-2.0 -6.0 3.1000001 
-2.0 -5.0 3.466667 
-2.0 -6.0 3.1000001 
-2.0 -5.0 3.466667 
-1.0 -6.0 2.8749998 
-1.0 -5.0 3.2416666 
-1.0 -6.0 2.8749998 
-1.0 -5.0 3.2416666 
0.0 -6.0 2.8 
0.0 -5.0 3.1666667 
0.0 -6.0 2.8 
0.0 -5.0 3.1666667 
1.0 -6.0 2.8749998 
1.0 -5.0 3.2416666 
1.0 -6.0 2.8749998 
1.0 -5.0 3.2416666 
2.0 -6.0 3.1000001 
2.0 -5.0 3.466667 
2.0 -6.0 3.1000001 
2.0 -5.0 3.466667 
3.0 -6.0 3.4750001 
3.0 -5.0 3.841667 
3.0 -6.0 3.4750001 
3.0 -5.0 3.841667 
4.0 -6.0 3.9999998 
4.0 -5.0 4.3666663 
4.0 -6.0 3.9999998 
4.0 -5.0 4.3666663 
5.0 -6.0 4.675 
5.0 -5.0 5.0416665 
5.0 -6.0 4.675 
5.0 -5.0 5.0416665 
6.0 -6.0 5.5 
6.0 -5.0 5.8666663 
6.0 -6.0 5.5 
6.0 -5.0 5.8666663 
7.0 -6.0 6.4750004 
7.0 -5.0 6.8416667 
7.0 -6.0 6.4750004 
7.0 -5.0 6.8416667 
8.0 -6.0 7.6000004 
8.0 -5.0 7.9666667 
8.0 -6.0 7.6000004 
8.0 -5.0 7.9666667 
9.0 -6.0 8.875001 
9.0 -5.0 9.241668 
9.0 -6.0 8.875001 
9.0 -5.0 9.241668 
10.0 -6.0 10.3 
10.0 -5.0 10.666667 
-10.0 -5.0 10.666667 
-10.0 -4.0 10.966666 
-9.0 -5.0 9.241668 
-9.0 -4.0 9.541667 
-9.0 -5.0 9.241668 
-9.0 -4.0 9.541667 
-8.0 -5.0 7.9666667 
-8.0 -4.0 8.266666 
-8.0 -5.0 7.9666667 
-8.0 -4.0 8.266666 
-7.0 -5.0 6.8416667 
-7.0 -4.0 7.141667 
-7.0 -5.0 6.8416667 
-7.0 -4.0 7.141667 
-6.0 -5.0 5.8666663 
-6.0 -4.0 6.1666665 
-6.0 -5.0 5.8666663 
-6.0 -4.0 6.1666665 
-5.0 -5.0 5.0416665 
-5.0 -4.0 5.3416667 
-5.0 -5.0 5.0416665 
-5.0 -4.0 5.3416667 
-4.0 -5.0 4.3666663 
-4.0 -4.0 4.6666665 
-4.0 -5.0 4.3666663 
-4.0 -4.0 4.6666665 
-3.0 -5.0 3.841667 
-3.0 -4.0 4.141667 
-3.0 -5.0 3.841667 
-3.0 -4.0 4.141667 
-2.0 -5.0 3.466667 
-2.0 -4.0 3.766667 
-2.0 -5.0 3.466667 
-2.0 -4.0 3.766667 
-1.0 -5.0 3.2416666 
-1.0 -4.0 3.5416665 
-1.0 -5.0 3.2416666 
-1.0 -4.0 3.5416665 
0.0 -5.0 3.1666667 
0.0 -4.0 3.4666667 
0.0 -5.0 3.1666667 
0.0 -4.0 3.4666667 
1.0 -5.0 3.2416666 
1.0 -4.0 3.5416665 
1.0 -5.0 3.2416666 
1.0 -4.0 3.5416665 
2.0 -5.0 3.466667 
2.0 -4.0 3.766667 
2.0 -5.0 3.466667 
2.0 -4.0 3.766667 
3.0 -5.0 3.841667 
3.0 -4.0 4.141667 
3.0 -5.0 3.841667 
3.0 -4.0 4.141667 
4.0 -5.0 4.3666663 
4.0 -4.0 4.6666665 
4.0 -5.0 4.3666663 
4.0 -4.0 4.6666665 
5.0 -5.0 5.0416665 
5.0 -4.0 5.3416667 
5.0 -5.0 5.0416665 
5.0 -4.0 5.3416667 
6.0 -5.0 5.8666663 
6.0 -4.0 6.1666665 
6.0 -5.0 5.8666663 
6.0 -4.0 6.1666665 
7.0 -5.0 6.8416667 
7.0 -4.0 7.141667 
7.0 -5.0 6.8416667 
7.0 -4.0 7.141667 
8.0 -5.0 7.9666667 
8.0 -4.0 8.266666 
8.0 -5.0 7.9666667 
8.0 -4.0 8.266666 
9.0 -5.0 9.241668 
9.0 -4.0 9.541667 
9.0 -5.0 9.241668 
9.0 -4.0 9.541667 
10.0 -5.0 10.666667 
10.0 -4.0 10.966666 
-10.0 -4.0 10.966666 
-10.0 -3.0 11.2 
-9.0 -4.0 9.541667 
-9.0 -3.0 9.775001 
-9.0 -4.0 9.541667 
-9.0 -3.0 9.775001 
-8.0 -4.0 8.266666 
-8.0 -3.0 8.5 
-8.0 -4.0 8.266666 
-8.0 -3.0 8.5 
-7.0 -4.0 7.141667 
-7.0 -3.0 7.375 
-7.0 -4.0 7.141667 
-7.0 -3.0 7.375 
-6.0 -4.0 6.1666665 
-6.0 -3.0 6.3999996 
-6.0 -4.0 6.1666665 
-6.0 -3.0 6.3999996 
-5.0 -4.0 5.3416667 
-5.0 -3.0 5.575 
-5.0 -4.0 5.3416667 
-5.0 -3.0 5.575 
-4.0 -4.0 4.6666665 
-4.0 -3.0 4.8999996 
-4.0 -4.0 4.6666665 
-4.0 -3.0 4.8999996 
-3.0 -4.0 4.141667 
-3.0 -3.0 4.375 
-3.0 -4.0 4.141667 
-3.0 -3.0 4.375 
-2.0 -4.0 3.766667 
-2.0 -3.0 4.0 
-2.0 -4.0 3.766667 
-2.0 -3.0 4.0 
-1.0 -4.0 3.5416665 
-1.0 -3.0 3.7749999 
-1.0 -4.0 3.5416665 
-1.0 -3.0 3.7749999 
0.0 -4.0 3.4666667 
0.0 -3.0 3.7 
0.0 -4.0 3.4666667 
0.0 -3.0 3.7 
1.0 -4.0 3.5416665 
1.0 -3.0 3.7749999 
1.0 -4.0 3.5416665 
1.0 -3.0 3.7749999 
2.0 -4.0 3.766667 
2.0 -3.0 4.0 
2.0 -4.0 3.766667 
2.0 -3.0 4.0 
3.0 -4.0 4.141667 
3.0 -3.0 4.375 
3.0 -4.0 4.141667 
3.0 -3.0 4.375 
4.0 -4.0 4.6666665 
4.0 -3.0 4.8999996 
4.0 -4.0 4.6666665 
4.0 -3.0 4.8999996 
5.0 -4.0 5.3416667 
5.0 -3.0 5.575 
5.0 -4.0 5.3416667 
5.0 -3.0 5.575 
6.0 -4.0 6.1666665 
6.0 -3.0 6.3999996 
6.0 -4.0 6.1666665 
6.0 -3.0 6.3999996 
7.0 -4.0 7.141667 
7.0 -3.0 7.375 
7.0 -4.0 7.141667 
7.0 -3.0 7.375 
8.0 -4.0 8.266666 
8.0 -3.0 8.5 
8.0 -4.0 8.266666 
8.0 -3.0 8.5 
9.0 -4.0 9.541667 
9.0 -3.0 9.775001 
9.0 -4.0 9.541667 
9.0 -3.0 9.775001 
10.0 -4.0 10.966666 
10.0 -3.0 11.2 
-10.0 -3.0 11.2 
-10.0 -2.0 11.366667 
-9.0 -3.0 9.775001 
-9.0 -2.0 9.941668 
-9.0 -3.0 9.775001 
-9.0 -2.0 9.941668 
-8.0 -3.0 8.5 
-8.0 -2.0 8.666667 
-8.0 -3.0 8.5 
-8.0 -2.0 8.666667 
-7.0 -3.0 7.375 
-7.0 -2.0 7.541667 
-7.0 -3.0 7.375 
-7.0 -2.0 7.541667 
-6.0 -3.0 6.3999996 
-6.0 -2.0 6.5666666 
-6.0 -3.0 6.3999996 
-6.0 -2.0 6.5666666 
-5.0 -3.0 5.575 
-5.0 -2.0 5.741667 
-5.0 -3.0 5.575 
-5.0 -2.0 5.741667 
-4.0 -3.0 4.8999996 
-4.0 -2.0 5.0666666 
-4.0 -3.0 4.8999996 
-4.0 -2.0 5.0666666 
-3.0 -3.0 4.375 
-3.0 -2.0 4.541667 
-3.0 -3.0 4.375 
-3.0 -2.0 4.541667 
-2.0 -3.0 4.0 
-2.0 -2.0 4.166667 
-2.0 -3.0 4.0 
-2.0 -2.0 4.166667 
-1.0 -3.0 3.7749999 
-1.0 -2.0 3.9416664 
-1.0 -3.0 3.7749999 
-1.0 -2.0 3.9416664 
0.0 -3.0 3.7 
0.0 -2.0 3.8666666 
0.0 -3.0 3.7 
0.0 -2.0 3.8666666 
1.0 -3.0 3.7749999 
1.0 -2.0 3.9416664 
1.0 -3.0 3.7749999 
1.0 -2.0 3.9416664 
2.0 -3.0 4.0 
2.0 -2.0 4.166667 
2.0 -3.0 4.0 
2.0 -2.0 4.166667 
3.0 -3.0 4.375 
3.0 -2.0 4.541667 
3.0 -3.0 4.375 
3.0 -2.0 4.541667 
4.0 -3.0 4.8999996 
4.0 -2.0 5.0666666 
4.0 -3.0 4.8999996 
4.0 -2.0 5.0666666 
5.0 -3.0 5.575 
5.0 -2.0 5.741667 
5.0 -3.0 5.575 
5.0 -2.0 5.741667 
6.0 -3.0 6.3999996 
6.0 -2.0 6.5666666 
6.0 -3.0 6.3999996 
6.0 -2.0 6.5666666 
7.0 -3.0 7.375 
7.0 -2.0 7.541667 
7.0 -3.0 7.375 
7.0 -2.0 7.541667 
8.0 -3.0 8.5 
8.0 -2.0 8.666667 
8.0 -3.0 8.5 
8.0 -2.0 8.666667 
9.0 -3.0 9.775001 
9.0 -2.0 9.941668 
9.0 -3.0 9.775001 
9.0 -2.0 9.941668 
10.0 -3.0 11.2 
10.0 -2.0 11.366667 
-10.0 -2.0 11.366667 
-10.0 -1.0 11.466666 
-9.0 -2.0 9.941668 
-9.0 -1.0 10.041667 
-9.0 -2.0 9.941668 
-9.0 -1.0 10.041667 
-8.0 -2.0 8.666667 
-8.0 -1.0 8.766666 
-8.0 -2.0 8.666667 
-8.0 -1.0 8.766666 
-7.0 -2.0 7.541667 
-7.0 -1.0 7.641667 
-7.0 -2.0 7.541667 
-7.0 -1.0 7.641667 
-6.0 -2.0 6.5666666 
-6.0 -1.0 6.6666665 
-6.0 -2.0 6.5666666 
-6.0 -1.0 6.6666665 
-5.0 -2.0 5.741667 
-5.0 -1.0 5.8416667 
-5.0 -2.0 5.741667 
-5.0 -1.0 5.8416667 
-4.0 -2.0 5.0666666 
-4.0 -1.0 5.1666665 
-4.0 -2.0 5.0666666 
-4.0 -1.0 5.1666665 
-3.0 -2.0 4.541667 
-3.0 -1.0 4.641667 
-3.0 -2.0 4.541667 
-3.0 -1.0 4.641667 
-2.0 -2.0 4.166667 
-2.0 -1.0 4.266667 
-2.0 -2.0 4.166667 
-2.0 -1.0 4.266667 
-1.0 -2.0 3.9416664 
-1.0 -1.0 4.0416665 
-1.0 -2.0 3.9416664 
-1.0 -1.0 4.0416665 
0.0 -2.0 3.8666666 
0.0 -1.0 3.9666667 
0.0 -2.0 3.8666666 
0.0 -1.0 3.9666667 
1.0 -2.0 3.9416664 
1.0 -1.0 4.0416665 
1.0 -2.0 3.9416664 
1.0 -1.0 4.0416665 
2.0 -2.0 4.166667 
2.0 -1.0 4.266667 
2.0 -2.0 4.166667 
2.0 -1.0 4.266667 
3.0 -2.0 4.541667 
3.0 -1.0 4.641667 
3.0 -2.0 4.541667 
3.0 -1.0 4.641667 
4.0 -2.0 5.0666666 
4.0 -1.0 5.1666665 
4.0 -2.0 5.0666666 
4.0 -1.0 5.1666665 
5.0 -2.0 5.741667 
5.0 -1.0 5.8416667 
5.0 -2.0 5.741667 
5.0 -1.0 5.8416667 
6.0 -2.0 6.5666666 
6.0 -1.0 6.6666665 
6.0 -2.0 6.5666666 
6.0 -1.0 6.6666665 
7.0 -2.0 7.541667 
7.0 -1.0 7.641667 
7.0 -2.0 7.541667 
7.0 -1.0 7.641667 
8.0 -2.0 8.666667 
8.0 -1.0 8.766666 
8.0 -2.0 8.666667 
8.0 -1.0 8.766666 
9.0 -2.0 9.941668 
9.0 -1.0 10.041667 
9.0 -2.0 9.941668 
9.0 -1.0 10.041667 
10.0 -2.0 11.366667 
10.0 -1.0 11.466666 
-10.0 -1.0 11.466666 
-10.0 0.0 11.5 
-9.0 -1.0 10.041667 
-9.0 0.0 10.075001 
-9.0 -1.0 10.041667 
-9.0 0.0 10.075001 
-8.0 -1.0 8.766666 
-8.0 0.0 8.8 
-8.0 -1.0 8.766666 
-8.0 0.0 8.8 
-7.0 -1.0 7.641667 
-7.0 0.0 7.675 
-7.0 -1.0 7.641667 
-7.0 0.0 7.675 
-6.0 -1.0 6.6666665 
-6.0 0.0 6.7 
-6.0 -1.0 6.6666665 
-6.0 0.0 6.7 
-5.0 -1.0 5.8416667 
-5.0 0.0 5.875 
-5.0 -1.0 5.8416667 
-5.0 0.0 5.875 
-4.0 -1.0 5.1666665 
-4.0 0.0 5.2 
-4.0 -1.0 5.1666665 
-4.0 0.0 5.2 
-3.0 -1.0 4.641667 
-3.0 0.0 4.675 
-3.0 -1.0 4.641667 
-3.0 0.0 4.675 
-2.0 -1.0 4.266667 
-2.0 0.0 4.3 
-2.0 -1.0 4.266667 
-2.0 0.0 4.3 
-1.0 -1.0 4.0416665 
-1.0 0.0 4.075 
-1.0 -1.0 4.0416665 
-1.0 0.0 4.075 
0.0 -1.0 3.9666667 
0.0 0.0 4.0 
0.0 -1.0 3.9666667 
0.0 0.0 4.0 
1.0 -1.0 4.0416665 
1.0 0.0 4.075 
1.0 -1.0 4.0416665 
1.0 0.0 4.075 
2.0 -1.0 4.266667 
2.0 0.0 4.3 
2.0 -1.0 4.266667 
2.0 0.0 4.3 
3.0 -1.0 4.641667 
3.0 0.0 4.675 
3.0 -1.0 4.641667 
3.0 0.0 4.675 
4.0 -1.0 5.1666665 
4.0 0.0 5.2 
4.0 -1.0 5.1666665 
4.0 0.0 5.2 
5.0 -1.0 5.8416667 
5.0 0.0 5.875 
5.0 -1.0 5.8416667 
5.0 0.0 5.875 
6.0 -1.0 6.6666665 
6.0 0.0 6.7 
6.0 -1.0 6.6666665 
6.0 0.0 6.7 
7.0 -1.0 7.641667 
7.0 0.0 7.675 
7.0 -1.0 7.641667 
7.0 0.0 7.675 
8.0 -1.0 8.766666 
8.0 0.0 8.8 
8.0 -1.0 8.766666 
8.0 0.0 8.8 
9.0 -1.0 10.041667 
9.0 0.0 10.075001 
9.0 -1.0 10.041667 
9.0 0.0 10.075001 
10.0 -1.0 11.466666 
10.0 0.0 11.5 
-10.0 0.0 11.5 
-10.0 1.0 11.466666 
-9.0 0.0 10.075001 
-9.0 1.0 10.041667 
-9.0 0.0 10.075001 
-9.0 1.0 10.041667 
-8.0 0.0 8.8 
-8.0 1.0 8.766666 
-8.0 0.0 8.8 
-8.0 1.0 8.766666 
-7.0 0.0 7.675 
-7.0 1.0 7.641667 
-7.0 0.0 7.675 
-7.0 1.0 7.641667 
-6.0 0.0 6.7 
-6.0 1.0 6.6666665 
-6.0 0.0 6.7 
-6.0 1.0 6.6666665 
-5.0 0.0 5.875 
-5.0 1.0 5.8416667 
-5.0 0.0 5.875 
-5.0 1.0 5.8416667 
-4.0 0.0 5.2 
-4.0 1.0 5.1666665 
-4.0 0.0 5.2 
-4.0 1.0 5.1666665 
-3.0 0.0 4.675 
-3.0 1.0 4.641667 
-3.0 0.0 4.675 
-3.0 1.0 4.641667 
-2.0 0.0 4.3 
-2.0 1.0 4.266667 
-2.0 0.0 4.3 
-2.0 1.0 4.266667 
-1.0 0.0 4.075 
-1.0 1.0 4.0416665 
-1.0 0.0 4.075 
-1.0 1.0 4.0416665 
0.0 0.0 4.0 
0.0 1.0 3.9666667 
0.0 0.0 4.0 
0.0 1.0 3.9666667 
1.0 0.0 4.075 
1.0 1.0 4.0416665 
1.0 0.0 4.075 
1.0 1.0 4.0416665 
2.0 0.0 4.3 
2.0 1.0 4.266667 
2.0 0.0 4.3 
2.0 1.0 4.266667 
3.0 0.0 4.675 
3.0 1.0 4.641667 
3.0 0.0 4.675 
3.0 1.0 4.641667 
4.0 0.0 5.2 
4.0 1.0 5.1666665 
4.0 0.0 5.2 
4.0 1.0 5.1666665 
5.0 0.0 5.875 
5.0 1.0 5.8416667 
5.0 0.0 5.875 
5.0 1.0 5.8416667 
6.0 0.0 6.7 
6.0 1.0 6.6666665 
6.0 0.0 6.7 
6.0 1.0 6.6666665 
7.0 0.0 7.675 
7.0 1.0 7.641667 
7.0 0.0 7.675 
7.0 1.0 7.641667 
8.0 0.0 8.8 
8.0 1.0 8.766666 
8.0 0.0 8.8 
8.0 1.0 8.766666 
9.0 0.0 10.075001 
9.0 1.0 10.041667 
9.0 0.0 10.075001 
9.0 1.0 10.041667 
10.0 0.0 11.5 
10.0 1.0 11.466666 
-10.0 1.0 11.466666 
-10.0 2.0 11.366667 
-9.0 1.0 10.041667 
-9.0 2.0 9.941668 
-9.0 1.0 10.041667 
-9.0 2.0 9.941668 
-8.0 1.0 8.766666 
-8.0 2.0 8.666667 
-8.0 1.0 8.766666 
-8.0 2.0 8.666667 
-7.0 1.0 7.641667 
-7.0 2.0 7.541667 
-7.0 1.0 7.641667 
-7.0 2.0 7.541667 
-6.0 1.0 6.6666665 
-6.0 2.0 6.5666666 
-6.0 1.0 6.6666665 
-6.0 2.0 6.5666666 
-5.0 1.0 5.8416667 
-5.0 2.0 5.741667 
-5.0 1.0 5.8416667 
-5.0 2.0 5.741667 
-4.0 1.0 5.1666665 
-4.0 2.0 5.0666666 
-4.0 1.0 5.1666665 
-4.0 2.0 5.0666666 
-3.0 1.0 4.641667 
-3.0 2.0 4.541667 
-3.0 1.0 4.641667 
-3.0 2.0 4.541667 
-2.0 1.0 4.266667 
-2.0 2.0 4.166667 
-2.0 1.0 4.266667 
-2.0 2.0 4.166667 
-1.0 1.0 4.0416665 
-1.0 2.0 3.9416664 
-1.0 1.0 4.0416665 
-1.0 2.0 3.9416664 
0.0 1.0 3.9666667 
0.0 2.0 3.8666666 
0.0 1.0 3.9666667 
0.0 2.0 3.8666666 
1.0 1.0 4.0416665 
1.0 2.0 3.9416664 
1.0 1.0 4.0416665 
1.0 2.0 3.9416664 
2.0 1.0 4.266667 
2.0 2.0 4.166667 
2.0 1.0 4.266667 
2.0 2.0 4.166667 
3.0 1.0 4.641667 
3.0 2.0 4.541667 
3.0 1.0 4.641667 
3.0 2.0 4.541667 
4.0 1.0 5.1666665 
4.0 2.0 5.0666666 
4.0 1.0 5.1666665 
4.0 2.0 5.0666666 
5.0 1.0 5.8416667 
5.0 2.0 5.741667 
5.0 1.0 5.8416667 
5.0 2.0 5.741667 
6.0 1.0 6.6666665 
6.0 2.0 6.5666666 
6.0 1.0 6.6666665 
6.0 2.0 6.5666666 
7.0 1.0 7.641667 
7.0 2.0 7.541667 
7.0 1.0 7.641667 
7.0 2.0 7.541667 
8.0 1.0 8.766666 
8.0 2.0 8.666667 
8.0 1.0 8.766666 
8.0 2.0 8.666667 
9.0 1.0 10.041667 
9.0 2.0 9.941668 
9.0 1.0 10.041667 
9.0 2.0 9.941668 
10.0 1.0 11.466666 
10.0 2.0 11.366667 
-10.0 2.0 11.366667 
-10.0 3.0 11.2 
-9.0 2.0 9.941668 
-9.0 3.0 9.775001 
-9.0 2.0 9.941668 
-9.0 3.0 9.775001 
-8.0 2.0 8.666667 
-8.0 3.0 8.5 
-8.0 2.0 8.666667 
-8.0 3.0 8.5 
-7.0 2.0 7.541667 
-7.0 3.0 7.375 
-7.0 2.0 7.541667 
-7.0 3.0 7.375 
-6.0 2.0 6.5666666 
-6.0 3.0 6.3999996 
-6.0 2.0 6.5666666 
-6.0 3.0 6.3999996 
-5.0 2.0 5.741667 
-5.0 3.0 5.575 
-5.0 2.0 5.741667 
-5.0 3.0 5.575 
-4.0 2.0 5.0666666 
-4.0 3.0 4.8999996 
-4.0 2.0 5.0666666 
-4.0 3.0 4.8999996 
-3.0 2.0 4.541667 
-3.0 3.0 4.375 
-3.0 2.0 4.541667 
-3.0 3.0 4.375 
-2.0 2.0 4.166667 
-2.0 3.0 4.0 
-2.0 2.0 4.166667 
-2.0 3.0 4.0 
-1.0 2.0 3.9416664 
-1.0 3.0 3.7749999 
-1.0 2.0 3.9416664 
-1.0 3.0 3.7749999 
0.0 2.0 3.8666666 
0.0 3.0 3.7 
0.0 2.0 3.8666666 
0.0 3.0 3.7 
1.0 2.0 3.9416664 
1.0 3.0 3.7749999 
1.0 2.0 3.9416664 
1.0 3.0 3.7749999 
2.0 2.0 4.166667 
2.0 3.0 4.0 
2.0 2.0 4.166667 
2.0 3.0 4.0 
3.0 2.0 4.541667 
3.0 3.0 4.375 
3.0 2.0 4.541667 
3.0 3.0 4.375 
4.0 2.0 5.0666666 
4.0 3.0 4.8999996 
4.0 2.0 5.0666666 
4.0 3.0 4.8999996 
5.0 2.0 5.741667 
5.0 3.0 5.575 
5.0 2.0 5.741667 
5.0 3.0 5.575 
6.0 2.0 6.5666666 
6.0 3.0 6.3999996 
6.0 2.0 6.5666666 
6.0 3.0 6.3999996 
7.0 2.0 7.541667 
7.0 3.0 7.375 
7.0 2.0 7.541667 
7.0 3.0 7.375 
8.0 2.0 8.666667 
8.0 3.0 8.5 
8.0 2.0 8.666667 
8.0 3.0 8.5 
9.0 2.0 9.941668 
9.0 3.0 9.775001 
9.0 2.0 9.941668 
9.0 3.0 9.775001 
10.0 2.0 11.366667 
10.0 3.0 11.2 
-10.0 3.0 11.2 
-10.0 4.0 10.966666 
-9.0 3.0 9.775001 
-9.0 4.0 9.541667 
-9.0 3.0 9.775001 
-9.0 4.0 9.541667 
-8.0 3.0 8.5 
-8.0 4.0 8.266666 
-8.0 3.0 8.5 
-8.0 4.0 8.266666 
-7.0 3.0 7.375 
-7.0 4.0 7.141667 
-7.0 3.0 7.375 
-7.0 4.0 7.141667 
-6.0 3.0 6.3999996 
-6.0 4.0 6.1666665 
-6.0 3.0 6.3999996 
-6.0 4.0 6.1666665 
-5.0 3.0 5.575 
-5.0 4.0 5.3416667 
-5.0 3.0 5.575 
-5.0 4.0 5.3416667 
-4.0 3.0 4.8999996 
-4.0 4.0 4.6666665 
-4.0 3.0 4.8999996 
-4.0 4.0 4.6666665 
-3.0 3.0 4.375 
-3.0 4.0 4.141667 
-3.0 3.0 4.375 
-3.0 4.0 4.141667 
-2.0 3.0 4.0 
-2.0 4.0 3.766667 
-2.0 3.0 4.0 
-2.0 4.0 3.766667 
-1.0 3.0 3.7749999 
-1.0 4.0 3.5416665 
-1.0 3.0 3.7749999 
-1.0 4.0 3.5416665 
0.0 3.0 3.7 
0.0 4.0 3.4666667 
0.0 3.0 3.7 
0.0 4.0 3.4666667 
1.0 3.0 3.7749999 
1.0 4.0 3.5416665 
1.0 3.0 3.7749999 
1.0 4.0 3.5416665 
2.0 3.0 4.0 
2.0 4.0 3.766667 
2.0 3.0 4.0 
2.0 4.0 3.766667 
3.0 3.0 4.375 
3.0 4.0 4.141667 
3.0 3.0 4.375 
3.0 4.0 4.141667 
4.0 3.0 4.8999996 
4.0 4.0 4.6666665 
4.0 3.0 4.8999996 
4.0 4.0 4.6666665 
5.0 3.0 5.575 
5.0 4.0 5.3416667 
5.0 3.0 5.575 
5.0 4.0 5.3416667 
6.0 3.0 6.3999996 
6.0 4.0 6.1666665 
6.0 3.0 6.3999996 
6.0 4.0 6.1666665 
7.0 3.0 7.375 
7.0 4.0 7.141667 
7.0 3.0 7.375 
7.0 4.0 7.141667 
8.0 3.0 8.5 
8.0 4.0 8.266666 
8.0 3.0 8.5 
8.0 4.0 8.266666 
9.0 3.0 9.775001 
9.0 4.0 9.541667 
9.0 3.0 9.775001 
9.0 4.0 9.541667 
10.0 3.0 11.2 
10.0 4.0 10.966666 
-10.0 4.0 10.966666 
-10.0 5.0 10.666667 
-9.0 4.0 9.541667 
-9.0 5.0 9.241668 
-9.0 4.0 9.541667 
-9.0 5.0 9.241668 
-8.0 4.0 8.266666 
-8.0 5.0 7.9666667 
-8.0 4.0 8.266666 
-8.0 5.0 7.9666667 
-7.0 4.0 7.141667 
-7.0 5.0 6.8416667 
-7.0 4.0 7.141667 
-7.0 5.0 6.8416667 
-6.0 4.0 6.1666665 
-6.0 5.0 5.8666663 
-6.0 4.0 6.1666665 
-6.0 5.0 5.8666663 
-5.0 4.0 5.3416667 
-5.0 5.0 5.0416665 
-5.0 4.0 5.3416667 
-5.0 5.0 5.0416665 
-4.0 4.0 4.6666665 
-4.0 5.0 4.3666663 
-4.0 4.0 4.6666665 
-4.0 5.0 4.3666663 
-3.0 4.0 4.141667 
-3.0 5.0 3.841667 
-3.0 4.0 4.141667 
-3.0 5.0 3.841667 
-2.0 4.0 3.766667 
-2.0 5.0 3.466667 
-2.0 4.0 3.766667 
-2.0 5.0 3.466667 
-1.0 4.0 3.5416665 
-1.0 5.0 3.2416666 
-1.0 4.0 3.5416665 
-1.0 5.0 3.2416666 
0.0 4.0 3.4666667 
0.0 5.0 3.1666667 
0.0 4.0 3.4666667 
0.0 5.0 3.1666667 
1.0 4.0 3.5416665 
1.0 5.0 3.2416666 
1.0 4.0 3.5416665 
1.0 5.0 3.2416666 
2.0 4.0 3.766667 
2.0 5.0 3.466667 
2.0 4.0 3.766667 
2.0 5.0 3.466667 
3.0 4.0 4.141667 
3.0 5.0 3.841667 
3.0 4.0 4.141667 
3.0 5.0 3.841667 
4.0 4.0 4.6666665 
4.0 5.0 4.3666663 
4.0 4.0 4.6666665 
4.0 5.0 4.3666663 
5.0 4.0 5.3416667 
5.0 5.0 5.0416665 
5.0 4.0 5.3416667 
5.0 5.0 5.0416665 
6.0 4.0 6.1666665 
6.0 5.0 5.8666663 
6.0 4.0 6.1666665 
6.0 5.0 5.8666663 
7.0 4.0 7.141667 
7.0 5.0 6.8416667 
7.0 4.0 7.141667 
7.0 5.0 6.8416667 
8.0 4.0 8.266666 
8.0 5.0 7.9666667 
8.0 4.0 8.266666 
8.0 5.0 7.9666667 
9.0 4.0 9.541667 
9.0 5.0 9.241668 
9.0 4.0 9.541667 
9.0 5.0 9.241668 
10.0 4.0 10.966666 
10.0 5.0 10.666667 
-10.0 5.0 10.666667 
-10.0 6.0 10.3 
-9.0 5.0 9.241668 
-9.0 6.0 8.875001 
-9.0 5.0 9.241668 
-9.0 6.0 8.875001 
-8.0 5.0 7.9666667 
-8.0 6.0 7.6000004 
-8.0 5.0 7.9666667 
-8.0 6.0 7.6000004 
-7.0 5.0 6.8416667 
-7.0 6.0 6.4750004 
-7.0 5.0 6.8416667 
-7.0 6.0 6.4750004 
-6.0 5.0 5.8666663 
-6.0 6.0 5.5 
-6.0 5.0 5.8666663 
-6.0 6.0 5.5 
-5.0 5.0 5.0416665 
-5.0 6.0 4.675 
-5.0 5.0 5.0416665 
-5.0 6.0 4.675 
-4.0 5.0 4.3666663 
-4.0 6.0 3.9999998 
-4.0 5.0 4.3666663 
-4.0 6.0 3.9999998 
-3.0 5.0 3.841667 
-3.0 6.0 3.4750001 
-3.0 5.0 3.841667 
-3.0 6.0 3.4750001 
-2.0 5.0 3.466667 
-2.0 6.0 3.1000001 
-2.0 5.0 3.466667 
-2.0 6.0 3.1000001 
-1.0 5.0 3.2416666 
-1.0 6.0 2.8749998 
-1.0 5.0 3.2416666 
-1.0 6.0 2.8749998 
0.0 5.0 3.1666667 
0.0 6.0 2.8 
0.0 5.0 3.1666667 
0.0 6.0 2.8 
1.0 5.0 3.2416666 
1.0 6.0 2.8749998 
1.0 5.0 3.2416666 
1.0 6.0 2.8749998 
2.0 5.0 3.466667 
2.0 6.0 3.1000001 
2.0 5.0 3.466667 
2.0 6.0 3.1000001 
3.0 5.0 3.841667 
3.0 6.0 3.4750001 
3.0 5.0 3.841667 
3.0 6.0 3.4750001 
4.0 5.0 4.3666663 
4.0 6.0 3.9999998 
4.0 5.0 4.3666663 
4.0 6.0 3.9999998 
5.0 5.0 5.0416665 
5.0 6.0 4.675 
5.0 5.0 5.0416665 
5.0 6.0 4.675 
6.0 5.0 5.8666663 
6.0 6.0 5.5 
6.0 5.0 5.8666663 
6.0 6.0 5.5 
7.0 5.0 6.8416667 
7.0 6.0 6.4750004 
7.0 5.0 6.8416667 
7.0 6.0 6.4750004 
8.0 5.0 7.9666667 
8.0 6.0 7.6000004 
8.0 5.0 7.9666667 
8.0 6.0 7.6000004 
9.0 5.0 9.241668 
9.0 6.0 8.875001 
9.0 5.0 9.241668 
9.0 6.0 8.875001 
10.0 5.0 10.666667 
10.0 6.0 10.3 
-10.0 6.0 10.3 
-10.0 7.0 9.866667 
-9.0 6.0 8.875001 
-9.0 7.0 8.441668 
-9.0 6.0 8.875001 
-9.0 7.0 8.441668 
-8.0 6.0 7.6000004 
-8.0 7.0 7.166667 
-8.0 6.0 7.6000004 
-8.0 7.0 7.166667 
-7.0 6.0 6.4750004 
-7.0 7.0 6.041667 
-7.0 6.0 6.4750004 
-7.0 7.0 6.041667 
-6.0 6.0 5.5 
-6.0 7.0 5.0666666 
-6.0 6.0 5.5 
-6.0 7.0 5.0666666 
-5.0 6.0 4.675 
-5.0 7.0 4.241667 
-5.0 6.0 4.675 
-5.0 7.0 4.241667 
-4.0 6.0 3.9999998 
-4.0 7.0 3.5666664 
-4.0 6.0 3.9999998 
-4.0 7.0 3.5666664 
-3.0 6.0 3.4750001 
-3.0 7.0 3.0416667 
-3.0 6.0 3.4750001 
-3.0 7.0 3.0416667 
-2.0 6.0 3.1000001 
-2.0 7.0 2.6666667 
-2.0 6.0 3.1000001 
-2.0 7.0 2.6666667 
-1.0 6.0 2.8749998 
-1.0 7.0 2.4416664 
-1.0 6.0 2.8749998 
-1.0 7.0 2.4416664 
0.0 6.0 2.8 
0.0 7.0 2.3666666 
0.0 6.0 2.8 
0.0 7.0 2.3666666 
1.0 6.0 2.8749998 
1.0 7.0 2.4416664 
1.0 6.0 2.8749998 
1.0 7.0 2.4416664 
2.0 6.0 3.1000001 
2.0 7.0 2.6666667 
2.0 6.0 3.1000001 
2.0 7.0 2.6666667 
3.0 6.0 3.4750001 
3.0 7.0 3.0416667 
3.0 6.0 3.4750001 
3.0 7.0 3.0416667 
4.0 6.0 3.9999998 
4.0 7.0 3.5666664 
4.0 6.0 3.9999998 
4.0 7.0 3.5666664 
5.0 6.0 4.675 
5.0 7.0 4.241667 
5.0 6.0 4.675 
5.0 7.0 4.241667 
6.0 6.0 5.5 
6.0 7.0 5.0666666 
6.0 6.0 5.5 
6.0 7.0 5.0666666 
7.0 6.0 6.4750004 
7.0 7.0 6.041667 
7.0 6.0 6.4750004 
7.0 7.0 6.041667 
8.0 6.0 7.6000004 
8.0 7.0 7.166667 
8.0 6.0 7.6000004 
8.0 7.0 7.166667 
9.0 6.0 8.875001 
9.0 7.0 8.441668 
9.0 6.0 8.875001 
9.0 7.0 8.441668 
10.0 6.0 10.3 
10.0 7.0 9.866667 
-10.0 7.0 9.866667 
-10.0 8.0 9.366667 
-9.0 7.0 8.441668 
-9.0 8.0 7.9416676 
-9.0 7.0 8.441668 
-9.0 8.0 7.9416676 
-8.0 7.0 7.166667 
-8.0 8.0 6.666667 
-8.0 7.0 7.166667 
-8.0 8.0 6.666667 
-7.0 7.0 6.041667 
-7.0 8.0 5.541667 
-7.0 7.0 6.041667 
-7.0 8.0 5.541667 
-6.0 7.0 5.0666666 
-6.0 8.0 4.5666666 
-6.0 7.0 5.0666666 
-6.0 8.0 4.5666666 
-5.0 7.0 4.241667 
-5.0 8.0 3.7416666 
-5.0 7.0 4.241667 
-5.0 8.0 3.7416666 
-4.0 7.0 3.5666664 
-4.0 8.0 3.0666664 
-4.0 7.0 3.5666664 
-4.0 8.0 3.0666664 
-3.0 7.0 3.0416667 
-3.0 8.0 2.5416667 
-3.0 7.0 3.0416667 
-3.0 8.0 2.5416667 
-2.0 7.0 2.6666667 
-2.0 8.0 2.1666667 
-2.0 7.0 2.6666667 
-2.0 8.0 2.1666667 
-1.0 7.0 2.4416664 
-1.0 8.0 1.9416664 
-1.0 7.0 2.4416664 
-1.0 8.0 1.9416664 
0.0 7.0 2.3666666 
0.0 8.0 1.8666666 
0.0 7.0 2.3666666 
0.0 8.0 1.8666666 
1.0 7.0 2.4416664 
1.0 8.0 1.9416664 
1.0 7.0 2.4416664 
1.0 8.0 1.9416664 
2.0 7.0 2.6666667 
2.0 8.0 2.1666667 
2.0 7.0 2.6666667 
2.0 8.0 2.1666667 
3.0 7.0 3.0416667 
3.0 8.0 2.5416667 
3.0 7.0 3.0416667 
3.0 8.0 2.5416667 
4.0 7.0 3.5666664 
4.0 8.0 3.0666664 
4.0 7.0 3.5666664 
4.0 8.0 3.0666664 
5.0 7.0 4.241667 
5.0 8.0 3.7416666 
5.0 7.0 4.241667 
5.0 8.0 3.7416666 
6.0 7.0 5.0666666 
6.0 8.0 4.5666666 
6.0 7.0 5.0666666 
6.0 8.0 4.5666666 
7.0 7.0 6.041667 
7.0 8.0 5.541667 
7.0 7.0 6.041667 
7.0 8.0 5.541667 
8.0 7.0 7.166667 
8.0 8.0 6.666667 
8.0 7.0 7.166667 
8.0 8.0 6.666667 
9.0 7.0 8.441668 
9.0 8.0 7.9416676 
9.0 7.0 8.441668 
9.0 8.0 7.9416676 
10.0 7.0 9.866667 
10.0 8.0 9.366667 
-10.0 8.0 9.366667 
-10.0 9.0 8.8 
-9.0 8.0 7.9416676 
-9.0 9.0 7.375001 
-9.0 8.0 7.9416676 
-9.0 9.0 7.375001 
-8.0 8.0 6.666667 
-8.0 9.0 6.1000004 
-8.0 8.0 6.666667 
-8.0 9.0 6.1000004 
-7.0 8.0 5.541667 
-7.0 9.0 4.9750004 
-7.0 8.0 5.541667 
-7.0 9.0 4.9750004 
-6.0 8.0 4.5666666 
-6.0 9.0 3.9999998 
-6.0 8.0 4.5666666 
-6.0 9.0 3.9999998 
-5.0 8.0 3.7416666 
-5.0 9.0 3.175 
-5.0 8.0 3.7416666 
-5.0 9.0 3.175 
-4.0 8.0 3.0666664 
-4.0 9.0 2.4999998 
-4.0 8.0 3.0666664 
-4.0 9.0 2.4999998 
-3.0 8.0 2.5416667 
-3.0 9.0 1.9750001 
-3.0 8.0 2.5416667 
-3.0 9.0 1.9750001 
-2.0 8.0 2.1666667 
-2.0 9.0 1.6000001 
-2.0 8.0 2.1666667 
-2.0 9.0 1.6000001 
-1.0 8.0 1.9416664 
-1.0 9.0 1.3749998 
-1.0 8.0 1.9416664 
-1.0 9.0 1.3749998 
0.0 8.0 1.8666666 
0.0 9.0 1.3 
0.0 8.0 1.8666666 
0.0 9.0 1.3 
1.0 8.0 1.9416664 
1.0 9.0 1.3749998 
1.0 8.0 1.9416664 
1.0 9.0 1.3749998 
2.0 8.0 2.1666667 
2.0 9.0 1.6000001 
2.0 8.0 2.1666667 
2.0 9.0 1.6000001 
3.0 8.0 2.5416667 
3.0 9.0 1.9750001 
3.0 8.0 2.5416667 
3.0 9.0 1.9750001 
4.0 8.0 3.0666664 
4.0 9.0 2.4999998 
4.0 8.0 3.0666664 
4.0 9.0 2.4999998 
5.0 8.0 3.7416666 
5.0 9.0 3.175 
5.0 8.0 3.7416666 
5.0 9.0 3.175 
6.0 8.0 4.5666666 
6.0 9.0 3.9999998 
6.0 8.0 4.5666666 
6.0 9.0 3.9999998 
7.0 8.0 5.541667 
7.0 9.0 4.9750004 
7.0 8.0 5.541667 
7.0 9.0 4.9750004 
8.0 8.0 6.666667 
8.0 9.0 6.1000004 
8.0 8.0 6.666667 
8.0 9.0 6.1000004 
9.0 8.0 7.9416676 
9.0 9.0 7.375001 
9.0 8.0 7.9416676 
9.0 9.0 7.375001 
10.0 8.0 9.366667 
10.0 9.0 8.8 
-10.0 9.0 8.8 
-10.0 10.0 8.166667 
-9.0 9.0 7.375001 
-9.0 10.0 6.7416677 
-9.0 9.0 7.375001 
-9.0 10.0 6.7416677 
-8.0 9.0 6.1000004 
-8.0 10.0 5.466667 
-8.0 9.0 6.1000004 
-8.0 10.0 5.466667 
-7.0 9.0 4.9750004 
-7.0 10.0 4.341667 
-7.0 9.0 4.9750004 
-7.0 10.0 4.341667 
-6.0 9.0 3.9999998 
-6.0 10.0 3.3666666 
-6.0 9.0 3.9999998 
-6.0 10.0 3.3666666 
-5.0 9.0 3.175 
-5.0 10.0 2.5416667 
-5.0 9.0 3.175 
-5.0 10.0 2.5416667 
-4.0 9.0 2.4999998 
-4.0 10.0 1.8666666 
-4.0 9.0 2.4999998 
-4.0 10.0 1.8666666 
-3.0 9.0 1.9750001 
-3.0 10.0 1.3416669 
-3.0 9.0 1.9750001 
-3.0 10.0 1.3416669 
-2.0 9.0 1.6000001 
-2.0 10.0 0.96666694 
-2.0 9.0 1.6000001 
-2.0 10.0 0.96666694 
-1.0 9.0 1.3749998 
-1.0 10.0 0.74166656 
-1.0 9.0 1.3749998 
-1.0 10.0 0.74166656 
0.0 9.0 1.3 
0.0 10.0 0.66666675 
0.0 9.0 1.3 
0.0 10.0 0.66666675 
1.0 9.0 1.3749998 
1.0 10.0 0.74166656 
1.0 9.0 1.3749998 
1.0 10.0 0.74166656 
2.0 9.0 1.6000001 
2.0 10.0 0.96666694 
2.0 9.0 1.6000001 
2.0 10.0 0.96666694 
3.0 9.0 1.9750001 
3.0 10.0 1.3416669 
3.0 9.0 1.9750001 
3.0 10.0 1.3416669 
4.0 9.0 2.4999998 
4.0 10.0 1.8666666 
4.0 9.0 2.4999998 
4.0 10.0 1.8666666 
5.0 9.0 3.175 
5.0 10.0 2.5416667 
5.0 9.0 3.175 
5.0 10.0 2.5416667 
6.0 9.0 3.9999998 
6.0 10.0 3.3666666 
6.0 9.0 3.9999998 
6.0 10.0 3.3666666 
7.0 9.0 4.9750004 
7.0 10.0 4.341667 
7.0 9.0 4.9750004 
7.0 10.0 4.341667 
8.0 9.0 6.1000004 
8.0 10.0 5.466667 
8.0 9.0 6.1000004 
8.0 10.0 5.466667 
9.0 9.0 7.375001 
9.0 10.0 6.7416677 
9.0 9.0 7.375001 
9.0 10.0 6.7416677 
10.0 9.0 8.8 
10.0 10.0 8.166667 
