0
2
1
2
3
1
0
1
2
2
1
3
4
6
5
6
7
5
4
5
6
6
5
7
8
10
9
10
11
9
8
9
10
10
9
11
12
14
13
14
15
13
12
13
14
14
13
15
16
18
17
18
19
17
16
17
18
18
17
19
20
22
21
22
23
21
20
21
22
22
21
23
24
26
25
26
27
25
24
25
26
26
25
27
28
30
29
30
31
29
28
29
30
30
29
31
32
34
33
34
35
33
32
33
34
34
33
35
36
38
37
38
39
37
36
37
38
38
37
39
40
42
41
42
43
41
40
41
42
42
41
43
44
46
45
46
47
45
44
45
46
46
45
47
48
50
49
50
51
49
48
49
50
50
49
51
52
54
53
54
55
53
52
53
54
54
53
55
56
58
57
58
59
57
56
57
58
58
57
59
60
62
61
62
63
61
60
61
62
62
61
63
64
66
65
66
67
65
64
65
66
66
65
67
68
70
69
70
71
69
68
69
70
70
69
71
72
74
73
74
75
73
72
73
74
74
73
75
76
78
77
78
79
77
76
77
78
78
77
79
80
82
81
82
83
81
80
81
82
82
81
83
84
86
85
86
87
85
84
85
86
86
85
87
88
90
89
90
91
89
88
89
90
90
89
91
92
94
93
94
95
93
92
93
94
94
93
95
96
98
97
98
99
97
96
97
98
98
97
99
100
102
101
102
103
101
100
101
102
102
101
103
104
106
105
106
107
105
104
105
106
106
105
107
108
110
109
110
111
109
108
109
110
110
109
111
112
114
113
114
115
113
112
113
114
114
113
115
116
118
117
118
119
117
116
117
118
118
117
119
120
122
121
122
123
121
120
121
122
122
121
123
124
126
125
126
127
125
124
125
126
126
125
127
128
130
129
130
131
129
128
129
130
130
129
131
132
134
133
134
135
133
132
133
134
134
133
135
136
138
137
138
139
137
136
137
138
138
137
139
140
142
141
142
143
141
140
141
142
142
141
143
144
146
145
146
147
145
144
145
146
146
145
147
148
150
149
150
151
149
148
149
150
150
149
151
152
154
153
154
155
153
152
153
154
154
153
155
156
158
157
158
159
157
156
157
158
158
157
159
160
162
161
162
163
161
160
161
162
162
161
163
164
166
165
166
167
165
164
165
166
166
165
167
168
170
169
170
171
169
168
169
170
170
169
171
172
174
173
174
175
173
172
173
174
174
173
175
176
178
177
178
179
177
176
177
178
178
177
179
180
182
181
182
183
181
180
181
182
182
181
183
184
186
185
186
187
185
184
185
186
186
185
187
188
190
189
190
191
189
188
189
190
190
189
191
192
194
193
194
195
193
192
193
194
194
193
195
196
198
197
198
199
197
196
197
198
198
197
199
200
202
201
202
203
201
200
201
202
202
201
203
204
206
205
206
207
205
204
205
206
206
205
207
208
210
209
210
211
209
208
209
210
210
209
211
212
214
213
214
215
213
212
213
214
214
213
215
216
218
217
218
219
217
216
217
218
218
217
219
220
222
221
222
223
221
220
221
222
222
221
223
224
226
225
226
227
225
224
225
226
226
225
227
228
230
229
230
231
229
228
229
230
230
229
231
232
234
233
234
235
233
232
233
234
234
233
235
236
238
237
238
239
237
236
237
238
238
237
239
240
242
241
242
243
241
240
241
242
242
241
243
244
246
245
246
247
245
244
245
246
246
245
247
248
250
249
250
251
249
248
249
250
250
249
251
252
254
253
254
255
253
252
253
254
254
253
255
256
258
257
258
259
257
256
257
258
258
257
259
260
262
261
262
263
261
260
261
262
262
261
263
264
266
265
266
267
265
264
265
266
266
265
267
268
270
269
270
271
269
268
269
270
270
269
271
272
274
273
274
275
273
272
273
274
274
273
275
276
278
277
278
279
277
276
277
278
278
277
279
280
282
281
282
283
281
280
281
282
282
281
283
284
286
285
286
287
285
284
285
286
286
285
287
288
290
289
290
291
289
288
289
290
290
289
291
292
294
293
294
295
293
292
293
294
294
293
295
296
298
297
298
299
297
296
297
298
298
297
299
300
302
301
302
303
301
300
301
302
302
301
303
304
306
305
306
307
305
304
305
306
306
305
307
308
310
309
310
311
309
308
309
310
310
309
311
312
314
313
314
315
313
312
313
314
314
313
315
316
318
317
318
319
317
316
317
318
318
317
319
320
322
321
322
323
321
320
321
322
322
321
323
324
326
325
326
327
325
324
325
326
326
325
327
328
330
329
330
331
329
328
329
330
330
329
331
332
334
333
334
335
333
332
333
334
334
333
335
336
338
337
338
339
337
336
337
338
338
337
339
340
342
341
342
343
341
340
341
342
342
341
343
344
346
345
346
347
345
344
345
346
346
345
347
348
350
349
350
351
349
348
349
350
350
349
351
352
354
353
354
355
353
352
353
354
354
353
355
356
358
357
358
359
357
356
357
358
358
357
359
360
362
361
362
363
361
360
361
362
362
361
363
364
366
365
366
367
365
364
365
366
366
365
367
368
370
369
370
371
369
368
369
370
370
369
371
372
374
373
374
375
373
372
373
374
374
373
375
376
378
377
378
379
377
376
377
378
378
377
379
380
382
381
382
383
381
380
381
382
382
381
383
384
386
385
386
387
385
384
385
386
386
385
387
388
390
389
390
391
389
388
389
390
390
389
391
392
394
393
394
395
393
392
393
394
394
393
395
396
398
397
398
399
397
396
397
398
398
397
399
400
402
401
402
403
401
400
401
402
402
401
403
404
406
405
406
407
405
404
405
406
406
405
407
408
410
409
410
411
409
408
409
410
410
409
411
412
414
413
414
415
413
412
413
414
414
413
415
416
418
417
418
419
417
416
417
418
418
417
419
420
422
421
422
423
421
420
421
422
422
421
423
424
426
425
426
427
425
424
425
426
426
425
427
428
430
429
430
431
429
428
429
430
430
429
431
432
434
433
434
435
433
432
433
434
434
433
435
436
438
437
438
439
437
436
437
438
438
437
439
440
442
441
442
443
441
440
441
442
442
441
443
444
446
445
446
447
445
444
445
446
446
445
447
448
450
449
450
451
449
448
449
450
450
449
451
452
454
453
454
455
453
452
453
454
454
453
455
456
458
457
458
459
457
456
457
458
458
457
459
460
462
461
462
463
461
460
461
462
462
461
463
464
466
465
466
467
465
464
465
466
466
465
467
468
470
469
470
471
469
468
469
470
470
469
471
472
474
473
474
475
473
472
473
474
474
473
475
476
478
477
478
479
477
476
477
478
478
477
479
480
482
481
482
483
481
480
481
482
482
481
483
484
486
485
486
487
485
484
485
486
486
485
487
488
490
489
490
491
489
488
489
490
490
489
491
492
494
493
494
495
493
492
493
494
494
493
495
496
498
497
498
499
497
496
497
498
498
497
499
500
502
501
502
503
501
500
501
502
502
501
503
504
506
505
506
507
505
504
505
506
506
505
507
508
510
509
510
511
509
508
509
510
510
509
511
512
514
513
514
515
513
512
513
514
514
513
515
516
518
517
518
519
517
516
517
518
518
517
519
520
522
521
522
523
521
520
521
522
522
521
523
524
526
525
526
527
525
524
525
526
526
525
527
528
530
529
530
531
529
528
529
530
530
529
531
532
534
533
534
535
533
532
533
534
534
533
535
536
538
537
538
539
537
536
537
538
538
537
539
540
542
541
542
543
541
540
541
542
542
541
543
544
546
545
546
547
545
544
545
546
546
545
547
548
550
549
550
551
549
548
549
550
550
549
551
552
554
553
554
555
553
552
553
554
554
553
555
556
558
557
558
559
557
556
557
558
558
557
559
560
562
561
562
563
561
560
561
562
562
561
563
564
566
565
566
567
565
564
565
566
566
565
567
568
570
569
570
571
569
568
569
570
570
569
571
572
574
573
574
575
573
572
573
574
574
573
575
576
578
577
578
579
577
576
577
578
578
577
579
580
582
581
582
583
581
580
581
582
582
581
583
584
586
585
586
587
585
584
585
586
586
585
587
588
590
589
590
591
589
588
589
590
590
589
591
592
594
593
594
595
593
592
593
594
594
593
595
596
598
597
598
599
597
596
597
598
598
597
599
600
602
601
602
603
601
600
601
602
602
601
603
604
606
605
606
607
605
604
605
606
606
605
607
608
610
609
610
611
609
608
609
610
610
609
611
612
614
613
614
615
613
612
613
614
614
613
615
616
618
617
618
619
617
616
617
618
618
617
619
620
622
621
622
623
621
620
621
622
622
621
623
624
626
625
626
627
625
624
625
626
626
625
627
628
630
629
630
631
629
628
629
630
630
629
631
632
634
633
634
635
633
632
633
634
634
633
635
636
638
637
638
639
637
636
637
638
638
637
639
640
642
641
642
643
641
640
641
642
642
641
643
644
646
645
646
647
645
644
645
646
646
645
647
648
650
649
650
651
649
648
649
650
650
649
651
652
654
653
654
655
653
652
653
654
654
653
655
656
658
657
658
659
657
656
657
658
658
657
659
660
662
661
662
663
661
660
661
662
662
661
663
664
666
665
666
667
665
664
665
666
666
665
667
668
670
669
670
671
669
668
669
670
670
669
671
672
674
673
674
675
673
672
673
674
674
673
675
676
678
677
678
679
677
676
677
678
678
677
679
680
682
681
682
683
681
680
681
682
682
681
683
684
686
685
686
687
685
684
685
686
686
685
687
688
690
689
690
691
689
688
689
690
690
689
691
692
694
693
694
695
693
692
693
694
694
693
695
696
698
697
698
699
697
696
697
698
698
697
699
700
702
701
702
703
701
700
701
702
702
701
703
704
706
705
706
707
705
704
705
706
706
705
707
708
710
709
710
711
709
708
709
710
710
709
711
712
714
713
714
715
713
712
713
714
714
713
715
716
718
717
718
719
717
716
717
718
718
717
719
720
722
721
722
723
721
720
721
722
722
721
723
724
726
725
726
727
725
724
725
726
726
725
727
728
730
729
730
731
729
728
729
730
730
729
731
732
734
733
734
735
733
732
733
734
734
733
735
736
738
737
738
739
737
736
737
738
738
737
739
740
742
741
742
743
741
740
741
742
742
741
743
744
746
745
746
747
745
744
745
746
746
745
747
748
750
749
750
751
749
748
749
750
750
749
751
752
754
753
754
755
753
752
753
754
754
753
755
756
758
757
758
759
757
756
757
758
758
757
759
760
762
761
762
763
761
760
761
762
762
761
763
764
766
765
766
767
765
764
765
766
766
765
767
768
770
769
770
771
769
768
769
770
770
769
771
772
774
773
774
775
773
772
773
774
774
773
775
776
778
777
778
779
777
776
777
778
778
777
779
780
782
781
782
783
781
780
781
782
782
781
783
784
786
785
786
787
785
784
785
786
786
785
787
788
790
789
790
791
789
788
789
790
790
789
791
792
794
793
794
795
793
792
793
794
794
793
795
796
798
797
798
799
797
796
797
798
798
797
799
800
802
801
802
803
801
800
801
802
802
801
803
804
806
805
806
807
805
804
805
806
806
805
807
808
810
809
810
811
809
808
809
810
810
809
811
812
814
813
814
815
813
812
813
814
814
813
815
816
818
817
818
819
817
816
817
818
818
817
819
820
822
821
822
823
821
820
821
822
822
821
823
824
826
825
826
827
825
824
825
826
826
825
827
828
830
829
830
831
829
828
829
830
830
829
831
832
834
833
834
835
833
832
833
834
834
833
835
836
838
837
838
839
837
836
837
838
838
837
839
840
842
841
842
843
841
840
841
842
842
841
843
844
846
845
846
847
845
844
845
846
846
845
847
848
850
849
850
851
849
848
849
850
850
849
851
852
854
853
854
855
853
852
853
854
854
853
855
856
858
857
858
859
857
856
857
858
858
857
859
860
862
861
862
863
861
860
861
862
862
861
863
864
866
865
866
867
865
864
865
866
866
865
867
868
870
869
870
871
869
868
869
870
870
869
871
872
874
873
874
875
873
872
873
874
874
873
875
876
878
877
878
879
877
876
877
878
878
877
879
880
882
881
882
883
881
880
881
882
882
881
883
884
886
885
886
887
885
884
885
886
886
885
887
888
890
889
890
891
889
888
889
890
890
889
891
892
894
893
894
895
893
892
893
894
894
893
895
896
898
897
898
899
897
896
897
898
898
897
899
900
902
901
902
903
901
900
901
902
902
901
903
904
906
905
906
907
905
904
905
906
906
905
907
908
910
909
910
911
909
908
909
910
910
909
911
912
914
913
914
915
913
912
913
914
914
913
915
916
918
917
918
919
917
916
917
918
918
917
919
920
922
921
922
923
921
920
921
922
922
921
923
924
926
925
926
927
925
924
925
926
926
925
927
928
930
929
930
931
929
928
929
930
930
929
931
932
934
933
934
935
933
932
933
934
934
933
935
936
938
937
938
939
937
936
937
938
938
937
939
940
942
941
942
943
941
940
941
942
942
941
943
944
946
945
946
947
945
944
945
946
946
945
947
948
950
949
950
951
949
948
949
950
950
949
951
952
954
953
954
955
953
952
953
954
954
953
955
956
958
957
958
959
957
956
957
958
958
957
959
960
962
961
962
963
961
960
961
962
962
961
963
964
966
965
966
967
965
964
965
966
966
965
967
968
970
969
970
971
969
968
969
970
970
969
971
972
974
973
974
975
973
972
973
974
974
973
975
976
978
977
978
979
977
976
977
978
978
977
979
980
982
981
982
983
981
980
981
982
982
981
983
984
986
985
986
987
985
984
985
986
986
985
987
988
990
989
990
991
989
988
989
990
990
989
991
992
994
993
994
995
993
992
993
994
994
993
995
996
998
997
998
999
997
996
997
998
998
997
999
1000
1002
1001
1002
1003
1001
1000
1001
1002
1002
1001
1003
1004
1006
1005
1006
1007
1005
1004
1005
1006
1006
1005
1007
1008
1010
1009
1010
1011
1009
1008
1009
1010
1010
1009
1011
1012
1014
1013
1014
1015
1013
1012
1013
1014
1014
1013
1015
1016
1018
1017
1018
1019
1017
1016
1017
1018
1018
1017
1019
1020
1022
1021
1022
1023
1021
1020
1021
1022
1022
1021
1023
1024
1026
1025
1026
1027
1025
1024
1025
1026
1026
1025
1027
1028
1030
1029
1030
1031
1029
1028
1029
1030
1030
1029
1031
1032
1034
1033
1034
1035
1033
1032
1033
1034
1034
1033
1035
1036
1038
1037
1038
1039
1037
1036
1037
1038
1038
1037
1039
1040
1042
1041
1042
1043
1041
1040
1041
1042
1042
1041
1043
1044
1046
1045
1046
1047
1045
1044
1045
1046
1046
1045
1047
1048
1050
1049
1050
1051
1049
1048
1049
1050
1050
1049
1051
1052
1054
1053
1054
1055
1053
1052
1053
1054
1054
1053
1055
1056
1058
1057
1058
1059
1057
1056
1057
1058
1058
1057
1059
1060
1062
1061
1062
1063
1061
1060
1061
1062
1062
1061
1063
1064
1066
1065
1066
1067
1065
1064
1065
1066
1066
1065
1067
1068
1070
1069
1070
1071
1069
1068
1069
1070
1070
1069
1071
1072
1074
1073
1074
1075
1073
1072
1073
1074
1074
1073
1075
1076
1078
1077
1078
1079
1077
1076
1077
1078
1078
1077
1079
1080
1082
1081
1082
1083
1081
1080
1081
1082
1082
1081
1083
1084
1086
1085
1086
1087
1085
1084
1085
1086
1086
1085
1087
1088
1090
1089
1090
1091
1089
1088
1089
1090
1090
1089
1091
1092
1094
1093
1094
1095
1093
1092
1093
1094
1094
1093
1095
1096
1098
1097
1098
1099
1097
1096
1097
1098
1098
1097
1099
1100
1102
1101
1102
1103
1101
1100
1101
1102
1102
1101
1103
1104
1106
1105
1106
1107
1105
1104
1105
1106
1106
1105
1107
1108
1110
1109
1110
1111
1109
1108
1109
1110
1110
1109
1111
1112
1114
1113
1114
1115
1113
1112
1113
1114
1114
1113
1115
1116
1118
1117
1118
1119
1117
1116
1117
1118
1118
1117
1119
1120
1122
1121
1122
1123
1121
1120
1121
1122
1122
1121
1123
1124
1126
1125
1126
1127
1125
1124
1125
1126
1126
1125
1127
1128
1130
1129
1130
1131
1129
1128
1129
1130
1130
1129
1131
1132
1134
1133
1134
1135
1133
1132
1133
1134
1134
1133
1135
1136
1138
1137
1138
1139
1137
1136
1137
1138
1138
1137
1139
1140
1142
1141
1142
1143
1141
1140
1141
1142
1142
1141
1143
1144
1146
1145
1146
1147
1145
1144
1145
1146
1146
1145
1147
1148
1150
1149
1150
1151
1149
1148
1149
1150
1150
1149
1151
1152
1154
1153
1154
1155
1153
1152
1153
1154
1154
1153
1155
1156
1158
1157
1158
1159
1157
1156
1157
1158
1158
1157
1159
1160
1162
1161
1162
1163
1161
1160
1161
1162
1162
1161
1163
1164
1166
1165
1166
1167
1165
1164
1165
1166
1166
1165
1167
1168
1170
1169
1170
1171
1169
1168
1169
1170
1170
1169
1171
1172
1174
1173
1174
1175
1173
1172
1173
1174
1174
1173
1175
1176
1178
1177
1178
1179
1177
1176
1177
1178
1178
1177
1179
1180
1182
1181
1182
1183
1181
1180
1181
1182
1182
1181
1183
1184
1186
1185
1186
1187
1185
1184
1185
1186
1186
1185
1187
1188
1190
1189
1190
1191
1189
1188
1189
1190
1190
1189
1191
1192
1194
1193
1194
1195
1193
1192
1193
1194
1194
1193
1195
1196
1198
1197
1198
1199
1197
1196
1197
1198
1198
1197
1199
1200
1202
1201
1202
1203
1201
1200
1201
1202
1202
1201
1203
1204
1206
1205
1206
1207
1205
1204
1205
1206
1206
1205
1207
1208
1210
1209
1210
1211
1209
1208
1209
1210
1210
1209
1211
1212
1214
1213
1214
1215
1213
1212
1213
1214
1214
1213
1215
1216
1218
1217
1218
1219
1217
1216
1217
1218
1218
1217
1219
1220
1222
1221
1222
1223
1221
1220
1221
1222
1222
1221
1223
1224
1226
1225
1226
1227
1225
1224
1225
1226
1226
1225
1227
1228
1230
1229
1230
1231
1229
1228
1229
1230
1230
1229
1231
1232
1234
1233
1234
1235
1233
1232
1233
1234
1234
1233
1235
1236
1238
1237
1238
1239
1237
1236
1237
1238
1238
1237
1239
1240
1242
1241
1242
1243
1241
1240
1241
1242
1242
1241
1243
1244
1246
1245
1246
1247
1245
1244
1245
1246
1246
1245
1247
1248
1250
1249
1250
1251
1249
1248
1249
1250
1250
1249
1251
1252
1254
1253
1254
1255
1253
1252
1253
1254
1254
1253
1255
1256
1258
1257
1258
1259
1257
1256
1257
1258
1258
1257
1259
1260
1262
1261
1262
1263
1261
1260
1261
1262
1262
1261
1263
1264
1266
1265
1266
1267
1265
1264
1265
1266
1266
1265
1267
1268
1270
1269
1270
1271
1269
1268
1269
1270
1270
1269
1271
1272
1274
1273
1274
1275
1273
1272
1273
1274
1274
1273
1275
1276
1278
1277
1278
1279
1277
1276
1277
1278
1278
1277
1279
1280
1282
1281
1282
1283
1281
1280
1281
1282
1282
1281
1283
1284
1286
1285
1286
1287
1285
1284
1285
1286
1286
1285
1287
1288
1290
1289
1290
1291
1289
1288
1289
1290
1290
1289
1291
1292
1294
1293
1294
1295
1293
1292
1293
1294
1294
1293
1295
1296
1298
1297
1298
1299
1297
1296
1297
1298
1298
1297
1299
1300
1302
1301
1302
1303
1301
1300
1301
1302
1302
1301
1303
1304
1306
1305
1306
1307
1305
1304
1305
1306
1306
1305
1307
1308
1310
1309
1310
1311
1309
1308
1309
1310
1310
1309
1311
1312
1314
1313
1314
1315
1313
1312
1313
1314
1314
1313
1315
1316
1318
1317
1318
1319
1317
1316
1317
1318
1318
1317
1319
1320
1322
1321
1322
1323
1321
1320
1321
1322
1322
1321
1323
1324
1326
1325
1326
1327
1325
1324
1325
1326
1326
1325
1327
1328
1330
1329
1330
1331
1329
1328
1329
1330
1330
1329
1331
1332
1334
1333
1334
1335
1333
1332
1333
1334
1334
1333
1335
1336
1338
1337
1338
1339
1337
1336
1337
1338
1338
1337
1339
1340
1342
1341
1342
1343
1341
1340
1341
1342
1342
1341
1343
1344
1346
1345
1346
1347
1345
1344
1345
1346
1346
1345
1347
1348
1350
1349
1350
1351
1349
1348
1349
1350
1350
1349
1351
1352
1354
1353
1354
1355
1353
1352
1353
1354
1354
1353
1355
1356
1358
1357
1358
1359
1357
1356
1357
1358
1358
1357
1359
1360
1362
1361
1362
1363
1361
1360
1361
1362
1362
1361
1363
1364
1366
1365
1366
1367
1365
1364
1365
1366
1366
1365
1367
1368
1370
1369
1370
1371
1369
1368
1369
1370
1370
1369
1371
1372
1374
1373
1374
1375
1373
1372
1373
1374
1374
1373
1375
1376
1378
1377
1378
1379
1377
1376
1377
1378
1378
1377
1379
1380
1382
1381
1382
1383
1381
1380
1381
1382
1382
1381
1383
1384
1386
1385
1386
1387
1385
1384
1385
1386
1386
1385
1387
1388
1390
1389
1390
1391
1389
1388
1389
1390
1390
1389
1391
1392
1394
1393
1394
1395
1393
1392
1393
1394
1394
1393
1395
1396
1398
1397
1398
1399
1397
1396
1397
1398
1398
1397
1399
1400
1402
1401
1402
1403
1401
1400
1401
1402
1402
1401
1403
1404
1406
1405
1406
1407
1405
1404
1405
1406
1406
1405
1407
1408
1410
1409
1410
1411
1409
1408
1409
1410
1410
1409
1411
1412
1414
1413
1414
1415
1413
1412
1413
1414
1414
1413
1415
1416
1418
1417
1418
1419
1417
1416
1417
1418
1418
1417
1419
1420
1422
1421
1422
1423
1421
1420
1421
1422
1422
1421
1423
1424
1426
1425
1426
1427
1425
1424
1425
1426
1426
1425
1427
1428
1430
1429
1430
1431
1429
1428
1429
1430
1430
1429
1431
1432
1434
1433
1434
1435
1433
1432
1433
1434
1434
1433
1435
1436
1438
1437
1438
1439
1437
1436
1437
1438
1438
1437
1439
1440
1442
1441
1442
1443
1441
1440
1441
1442
1442
1441
1443
1444
1446
1445
1446
1447
1445
1444
1445
1446
1446
1445
1447
1448
1450
1449
1450
1451
1449
1448
1449
1450
1450
1449
1451
1452
1454
1453
1454
1455
1453
1452
1453
1454
1454
1453
1455
1456
1458
1457
1458
1459
1457
1456
1457
1458
1458
1457
1459
1460
1462
1461
1462
1463
1461
1460
1461
1462
1462
1461
1463
1464
1466
1465
1466
1467
1465
1464
1465
1466
1466
1465
1467
1468
1470
1469
1470
1471
1469
1468
1469
1470
1470
1469
1471
1472
1474
1473
1474
1475
1473
1472
1473
1474
1474
1473
1475
1476
1478
1477
1478
1479
1477
1476
1477
1478
1478
1477
1479
1480
1482
1481
1482
1483
1481
1480
1481
1482
1482
1481
1483
1484
1486
1485
1486
1487
1485
1484
1485
1486
1486
1485
1487
1488
1490
1489
1490
1491
1489
1488
1489
1490
1490
1489
1491
1492
1494
1493
1494
1495
1493
1492
1493
1494
1494
1493
1495
1496
1498
1497
1498
1499
1497
1496
1497
1498
1498
1497
1499
1500
1502
1501
1502
1503
1501
1500
1501
1502
1502
1501
1503
1504
1506
1505
1506
1507
1505
1504
1505
1506
1506
1505
1507
1508
1510
1509
1510
1511
1509
1508
1509
1510
1510
1509
1511
1512
1514
1513
1514
1515
1513
1512
1513
1514
1514
1513
1515
1516
1518
1517
1518
1519
1517
1516
1517
1518
1518
1517
1519
1520
1522
1521
1522
1523
1521
1520
1521
1522
1522
1521
1523
1524
1526
1525
1526
1527
1525
1524
1525
1526
1526
1525
1527
1528
1530
1529
1530
1531
1529
1528
1529
1530
1530
1529
1531
1532
1534
1533
1534
1535
1533
1532
1533
1534
1534
1533
1535
1536
1538
1537
1538
1539
1537
1536
1537
1538
1538
1537
1539
1540
1542
1541
1542
1543
1541
1540
1541
1542
1542
1541
1543
1544
1546
1545
1546
1547
1545
1544
1545
1546
1546
1545
1547
1548
1550
1549
1550
1551
1549
1548
1549
1550
1550
1549
1551
1552
1554
1553
1554
1555
1553
1552
1553
1554
1554
1553
1555
1556
1558
1557
1558
1559
1557
1556
1557
1558
1558
1557
1559
1560
1562
1561
1562
1563
1561
1560
1561
1562
1562
1561
1563
1564
1566
1565
1566
1567
1565
1564
1565
1566
1566
1565
1567
1568
1570
1569
1570
1571
1569
1568
1569
1570
1570
1569
1571
1572
1574
1573
1574
1575
1573
1572
1573
1574
1574
1573
1575
1576
1578
1577
1578
1579
1577
1576
1577
1578
1578
1577
1579
1580
1582
1581
1582
1583
1581
1580
1581
1582
1582
1581
1583
1584
1586
1585
1586
1587
1585
1584
1585
1586
1586
1585
1587
1588
1590
1589
1590
1591
1589
1588
1589
1590
1590
1589
1591
1592
1594
1593
1594
1595
1593
1592
1593
1594
1594
1593
1595
1596
1598
1597
1598
1599
1597
1596
1597
1598
1598
1597
1599
