-10.0 -10.0 0.0 
-10.0 -8.333333 5.527708 
-8.333333 -10.0 5.527708 
-8.333333 -8.333333 7.81736 
-8.333333 -10.0 5.527708 
-8.333333 -8.333333 7.81736 
-6.6666665 -10.0 7.45356 
-6.6666665 -8.333333 9.279608 
-6.6666665 -10.0 7.45356 
-6.6666665 -8.333333 9.279608 
-5.0 -10.0 8.6602545 
-5.0 -8.333333 10.274023 
-5.0 -10.0 8.6602545 
-5.0 -8.333333 10.274023 
-3.3333335 -10.0 9.42809 
-3.3333335 -8.333333 10.929064 
-3.3333335 -10.0 9.42809 
-3.3333335 -8.333333 10.929064 
-1.6666669 -10.0 9.860133 
-1.6666669 -8.333333 11.303884 
-1.6666669 -10.0 9.860133 
-1.6666669 -8.333333 11.303884 
-2.3841858E-7 -10.0 10.0 
-2.3841858E-7 -8.333333 11.426091 
-2.3841858E-7 -10.0 10.0 
-2.3841858E-7 -8.333333 11.426091 
1.6666664 -10.0 9.860133 
1.6666664 -8.333333 11.303884 
1.6666664 -10.0 9.860133 
1.6666664 -8.333333 11.303884 
3.333333 -10.0 9.42809 
3.333333 -8.333333 10.929064 
3.333333 -10.0 9.42809 
3.333333 -8.333333 10.929064 
4.9999995 -10.0 8.6602545 
4.9999995 -8.333333 10.274023 
4.9999995 -10.0 8.6602545 
4.9999995 -8.333333 10.274023 
6.666666 -10.0 7.453561 
6.666666 -8.333333 9.279609 
6.666666 -10.0 7.453561 
6.666666 -8.333333 9.279609 
8.333333 -10.0 5.527708 
8.333333 -8.333333 7.81736 
8.333333 -10.0 5.527708 
8.333333 -8.333333 7.81736 
10.0 -10.0 0.0 
10.0 -8.333333 5.527708 
-10.0 -8.333333 5.527708 
-10.0 -6.6666665 7.45356 
-8.333333 -8.333333 7.81736 
-8.333333 -6.6666665 9.279608 
-8.333333 -8.333333 7.81736 
-8.333333 -6.6666665 9.279608 
-6.6666665 -8.333333 9.279608 
-6.6666665 -6.6666665 10.540926 
-6.6666665 -8.333333 9.279608 
-6.6666665 -6.6666665 10.540926 
-5.0 -8.333333 10.274023 
-5.0 -6.6666665 11.426091 
-5.0 -8.333333 10.274023 
-5.0 -6.6666665 11.426091 
-3.3333335 -8.333333 10.929064 
-3.3333335 -6.6666665 12.018504 
-3.3333335 -8.333333 10.929064 
-3.3333335 -6.6666665 12.018504 
-1.6666669 -8.333333 11.303884 
-1.6666669 -6.6666665 12.360332 
-1.6666669 -8.333333 11.303884 
-1.6666669 -6.6666665 12.360332 
-2.3841858E-7 -8.333333 11.426091 
-2.3841858E-7 -6.6666665 12.472192 
-2.3841858E-7 -8.333333 11.426091 
-2.3841858E-7 -6.6666665 12.472192 
1.6666664 -8.333333 11.303884 
1.6666664 -6.6666665 12.360332 
1.6666664 -8.333333 11.303884 
1.6666664 -6.6666665 12.360332 
3.333333 -8.333333 10.929064 
3.333333 -6.6666665 12.018504 
3.333333 -8.333333 10.929064 
3.333333 -6.6666665 12.018504 
4.9999995 -8.333333 10.274023 
4.9999995 -6.6666665 11.426091 
4.9999995 -8.333333 10.274023 
4.9999995 -6.6666665 11.426091 
6.666666 -8.333333 9.279609 
6.666666 -6.6666665 10.540926 
6.666666 -8.333333 9.279609 
6.666666 -6.6666665 10.540926 
8.333333 -8.333333 7.81736 
8.333333 -6.6666665 9.279608 
8.333333 -8.333333 7.81736 
8.333333 -6.6666665 9.279608 
10.0 -8.333333 5.527708 
10.0 -6.6666665 7.45356 
-10.0 -6.6666665 7.45356 
-10.0 -5.0 8.6602545 
-8.333333 -6.6666665 9.279608 
-8.333333 -5.0 10.274023 
-8.333333 -6.6666665 9.279608 
-8.333333 -5.0 10.274023 
-6.6666665 -6.6666665 10.540926 
-6.6666665 -5.0 11.426091 
-6.6666665 -6.6666665 10.540926 
-6.6666665 -5.0 11.426091 
-5.0 -6.6666665 11.426091 
-5.0 -5.0 12.247449 
-5.0 -6.6666665 11.426091 
-5.0 -5.0 12.247449 
-3.3333335 -6.6666665 12.018504 
-3.3333335 -5.0 12.801909 
-3.3333335 -6.6666665 12.018504 
-3.3333335 -5.0 12.801909 
-1.6666669 -6.6666665 12.360332 
-1.6666669 -5.0 13.123346 
-1.6666669 -6.6666665 12.360332 
-1.6666669 -5.0 13.123346 
-2.3841858E-7 -6.6666665 12.472192 
-2.3841858E-7 -5.0 13.228757 
-2.3841858E-7 -6.6666665 12.472192 
-2.3841858E-7 -5.0 13.228757 
1.6666664 -6.6666665 12.360332 
1.6666664 -5.0 13.123346 
1.6666664 -6.6666665 12.360332 
1.6666664 -5.0 13.123346 
3.333333 -6.6666665 12.018504 
3.333333 -5.0 12.801909 
3.333333 -6.6666665 12.018504 
3.333333 -5.0 12.801909 
4.9999995 -6.6666665 11.426091 
4.9999995 -5.0 12.247449 
4.9999995 -6.6666665 11.426091 
4.9999995 -5.0 12.247449 
6.666666 -6.6666665 10.540926 
6.666666 -5.0 11.426092 
6.666666 -6.6666665 10.540926 
6.666666 -5.0 11.426092 
8.333333 -6.6666665 9.279608 
8.333333 -5.0 10.274023 
8.333333 -6.6666665 9.279608 
8.333333 -5.0 10.274023 
10.0 -6.6666665 7.45356 
10.0 -5.0 8.6602545 
-10.0 -5.0 8.6602545 
-10.0 -3.3333335 9.42809 
-8.333333 -5.0 10.274023 
-8.333333 -3.3333335 10.929064 
-8.333333 -5.0 10.274023 
-8.333333 -3.3333335 10.929064 
-6.6666665 -5.0 11.426091 
-6.6666665 -3.3333335 12.018504 
-6.6666665 -5.0 11.426091 
-6.6666665 -3.3333335 12.018504 
-5.0 -5.0 12.247449 
-5.0 -3.3333335 12.801909 
-5.0 -5.0 12.247449 
-5.0 -3.3333335 12.801909 
-3.3333335 -5.0 12.801909 
-3.3333335 -3.3333335 13.333333 
-3.3333335 -5.0 12.801909 
-3.3333335 -3.3333335 13.333333 
-1.6666669 -5.0 13.123346 
-1.6666669 -3.3333335 13.642255 
-1.6666669 -5.0 13.123346 
-1.6666669 -3.3333335 13.642255 
-2.3841858E-7 -5.0 13.228757 
-2.3841858E-7 -3.3333335 13.743686 
-2.3841858E-7 -5.0 13.228757 
-2.3841858E-7 -3.3333335 13.743686 
1.6666664 -5.0 13.123346 
1.6666664 -3.3333335 13.642255 
1.6666664 -5.0 13.123346 
1.6666664 -3.3333335 13.642255 
3.333333 -5.0 12.801909 
3.333333 -3.3333335 13.333333 
3.333333 -5.0 12.801909 
3.333333 -3.3333335 13.333333 
4.9999995 -5.0 12.247449 
4.9999995 -3.3333335 12.801909 
4.9999995 -5.0 12.247449 
4.9999995 -3.3333335 12.801909 
6.666666 -5.0 11.426092 
6.666666 -3.3333335 12.018505 
6.666666 -5.0 11.426092 
6.666666 -3.3333335 12.018505 
8.333333 -5.0 10.274023 
8.333333 -3.3333335 10.929064 
8.333333 -5.0 10.274023 
8.333333 -3.3333335 10.929064 
10.0 -5.0 8.6602545 
10.0 -3.3333335 9.42809 
-10.0 -3.3333335 9.42809 
-10.0 -1.6666669 9.860133 
-8.333333 -3.3333335 10.929064 
-8.333333 -1.6666669 11.303884 
-8.333333 -3.3333335 10.929064 
-8.333333 -1.6666669 11.303884 
-6.6666665 -3.3333335 12.018504 
-6.6666665 -1.6666669 12.360332 
-6.6666665 -3.3333335 12.018504 
-6.6666665 -1.6666669 12.360332 
-5.0 -3.3333335 12.801909 
-5.0 -1.6666669 13.123346 
-5.0 -3.3333335 12.801909 
-5.0 -1.6666669 13.123346 
-3.3333335 -3.3333335 13.333333 
-3.3333335 -1.6666669 13.642255 
-3.3333335 -3.3333335 13.333333 
-3.3333335 -1.6666669 13.642255 
-1.6666669 -3.3333335 13.642255 
-1.6666669 -1.6666669 13.944334 
-1.6666669 -3.3333335 13.642255 
-1.6666669 -1.6666669 13.944334 
-2.3841858E-7 -3.3333335 13.743686 
-2.3841858E-7 -1.6666669 14.043583 
-2.3841858E-7 -3.3333335 13.743686 
-2.3841858E-7 -1.6666669 14.043583 
1.6666664 -3.3333335 13.642255 
1.6666664 -1.6666669 13.944334 
1.6666664 -3.3333335 13.642255 
1.6666664 -1.6666669 13.944334 
3.333333 -3.3333335 13.333333 
3.333333 -1.6666669 13.642255 
3.333333 -3.3333335 13.333333 
3.333333 -1.6666669 13.642255 
4.9999995 -3.3333335 12.801909 
4.9999995 -1.6666669 13.123346 
4.9999995 -3.3333335 12.801909 
4.9999995 -1.6666669 13.123346 
6.666666 -3.3333335 12.018505 
6.666666 -1.6666669 12.360332 
6.666666 -3.3333335 12.018505 
6.666666 -1.6666669 12.360332 
8.333333 -3.3333335 10.929064 
8.333333 -1.6666669 11.303884 
8.333333 -3.3333335 10.929064 
8.333333 -1.6666669 11.303884 
10.0 -3.3333335 9.42809 
10.0 -1.6666669 9.860133 
-10.0 -1.6666669 9.860133 
-10.0 -2.3841858E-7 10.0 
-8.333333 -1.6666669 11.303884 
-8.333333 -2.3841858E-7 11.426091 
-8.333333 -1.6666669 11.303884 
-8.333333 -2.3841858E-7 11.426091 
-6.6666665 -1.6666669 12.360332 
-6.6666665 -2.3841858E-7 12.472192 
-6.6666665 -1.6666669 12.360332 
-6.6666665 -2.3841858E-7 12.472192 
-5.0 -1.6666669 13.123346 
-5.0 -2.3841858E-7 13.228757 
-5.0 -1.6666669 13.123346 
-5.0 -2.3841858E-7 13.228757 
-3.3333335 -1.6666669 13.642255 
-3.3333335 -2.3841858E-7 13.743686 
-3.3333335 -1.6666669 13.642255 
-3.3333335 -2.3841858E-7 13.743686 
-1.6666669 -1.6666669 13.944334 
-1.6666669 -2.3841858E-7 14.043583 
-1.6666669 -1.6666669 13.944334 
-1.6666669 -2.3841858E-7 14.043583 
-2.3841858E-7 -1.6666669 14.043583 
-2.3841858E-7 -2.3841858E-7 14.142136 
-2.3841858E-7 -1.6666669 14.043583 
-2.3841858E-7 -2.3841858E-7 14.142136 
1.6666664 -1.6666669 13.944334 
1.6666664 -2.3841858E-7 14.043583 
1.6666664 -1.6666669 13.944334 
1.6666664 -2.3841858E-7 14.043583 
3.333333 -1.6666669 13.642255 
3.333333 -2.3841858E-7 13.743686 
3.333333 -1.6666669 13.642255 
3.333333 -2.3841858E-7 13.743686 
4.9999995 -1.6666669 13.123346 
4.9999995 -2.3841858E-7 13.228757 
4.9999995 -1.6666669 13.123346 
4.9999995 -2.3841858E-7 13.228757 
6.666666 -1.6666669 12.360332 
6.666666 -2.3841858E-7 12.472192 
6.666666 -1.6666669 12.360332 
6.666666 -2.3841858E-7 12.472192 
8.333333 -1.6666669 11.303884 
8.333333 -2.3841858E-7 11.426091 
8.333333 -1.6666669 11.303884 
8.333333 -2.3841858E-7 11.426091 
10.0 -1.6666669 9.860133 
10.0 -2.3841858E-7 10.0 
-10.0 -2.3841858E-7 10.0 
-10.0 1.6666664 9.860133 
-8.333333 -2.3841858E-7 11.426091 
-8.333333 1.6666664 11.303884 
-8.333333 -2.3841858E-7 11.426091 
-8.333333 1.6666664 11.303884 
-6.6666665 -2.3841858E-7 12.472192 
-6.6666665 1.6666664 12.360332 
-6.6666665 -2.3841858E-7 12.472192 
-6.6666665 1.6666664 12.360332 
-5.0 -2.3841858E-7 13.228757 
-5.0 1.6666664 13.123346 
-5.0 -2.3841858E-7 13.228757 
-5.0 1.6666664 13.123346 
-3.3333335 -2.3841858E-7 13.743686 
-3.3333335 1.6666664 13.642255 
-3.3333335 -2.3841858E-7 13.743686 
-3.3333335 1.6666664 13.642255 
-1.6666669 -2.3841858E-7 14.043583 
-1.6666669 1.6666664 13.944334 
-1.6666669 -2.3841858E-7 14.043583 
-1.6666669 1.6666664 13.944334 
-2.3841858E-7 -2.3841858E-7 14.142136 
-2.3841858E-7 1.6666664 14.043583 
-2.3841858E-7 -2.3841858E-7 14.142136 
-2.3841858E-7 1.6666664 14.043583 
1.6666664 -2.3841858E-7 14.043583 
1.6666664 1.6666664 13.944334 
1.6666664 -2.3841858E-7 14.043583 
1.6666664 1.6666664 13.944334 
3.333333 -2.3841858E-7 13.743686 
3.333333 1.6666664 13.642255 
3.333333 -2.3841858E-7 13.743686 
3.333333 1.6666664 13.642255 
4.9999995 -2.3841858E-7 13.228757 
4.9999995 1.6666664 13.123346 
4.9999995 -2.3841858E-7 13.228757 
4.9999995 1.6666664 13.123346 
6.666666 -2.3841858E-7 12.472192 
6.666666 1.6666664 12.360332 
6.666666 -2.3841858E-7 12.472192 
6.666666 1.6666664 12.360332 
8.333333 -2.3841858E-7 11.426091 
8.333333 1.6666664 11.303884 
8.333333 -2.3841858E-7 11.426091 
8.333333 1.6666664 11.303884 
10.0 -2.3841858E-7 10.0 
10.0 1.6666664 9.860133 
-10.0 1.6666664 9.860133 
-10.0 3.333333 9.428091 
-8.333333 1.6666664 11.303884 
-8.333333 3.333333 10.929065 
-8.333333 1.6666664 11.303884 
-8.333333 3.333333 10.929065 
-6.6666665 1.6666664 12.360332 
-6.6666665 3.333333 12.018504 
-6.6666665 1.6666664 12.360332 
-6.6666665 3.333333 12.018504 
-5.0 1.6666664 13.123346 
-5.0 3.333333 12.801909 
-5.0 1.6666664 13.123346 
-5.0 3.333333 12.801909 
-3.3333335 1.6666664 13.642255 
-3.3333335 3.333333 13.333333 
-3.3333335 1.6666664 13.642255 
-3.3333335 3.333333 13.333333 
-1.6666669 1.6666664 13.944334 
-1.6666669 3.333333 13.642255 
-1.6666669 1.6666664 13.944334 
-1.6666669 3.333333 13.642255 
-2.3841858E-7 1.6666664 14.043583 
-2.3841858E-7 3.333333 13.743686 
-2.3841858E-7 1.6666664 14.043583 
-2.3841858E-7 3.333333 13.743686 
1.6666664 1.6666664 13.944334 
1.6666664 3.333333 13.642255 
1.6666664 1.6666664 13.944334 
1.6666664 3.333333 13.642255 
3.333333 1.6666664 13.642255 
3.333333 3.333333 13.333333 
3.333333 1.6666664 13.642255 
3.333333 3.333333 13.333333 
4.9999995 1.6666664 13.123346 
4.9999995 3.333333 12.801909 
4.9999995 1.6666664 13.123346 
4.9999995 3.333333 12.801909 
6.666666 1.6666664 12.360332 
6.666666 3.333333 12.018505 
6.666666 1.6666664 12.360332 
6.666666 3.333333 12.018505 
8.333333 1.6666664 11.303884 
8.333333 3.333333 10.929065 
8.333333 1.6666664 11.303884 
8.333333 3.333333 10.929065 
10.0 1.6666664 9.860133 
10.0 3.333333 9.428091 
-10.0 3.333333 9.428091 
-10.0 4.9999995 8.6602545 
-8.333333 3.333333 10.929065 
-8.333333 4.9999995 10.274023 
-8.333333 3.333333 10.929065 
-8.333333 4.9999995 10.274023 
-6.6666665 3.333333 12.018504 
-6.6666665 4.9999995 11.426091 
-6.6666665 3.333333 12.018504 
-6.6666665 4.9999995 11.426091 
-5.0 3.333333 12.801909 
-5.0 4.9999995 12.247449 
-5.0 3.333333 12.801909 
-5.0 4.9999995 12.247449 
-3.3333335 3.333333 13.333333 
-3.3333335 4.9999995 12.801909 
-3.3333335 3.333333 13.333333 
-3.3333335 4.9999995 12.801909 
-1.6666669 3.333333 13.642255 
-1.6666669 4.9999995 13.123346 
-1.6666669 3.333333 13.642255 
-1.6666669 4.9999995 13.123346 
-2.3841858E-7 3.333333 13.743686 
-2.3841858E-7 4.9999995 13.228757 
-2.3841858E-7 3.333333 13.743686 
-2.3841858E-7 4.9999995 13.228757 
1.6666664 3.333333 13.642255 
1.6666664 4.9999995 13.123346 
1.6666664 3.333333 13.642255 
1.6666664 4.9999995 13.123346 
3.333333 3.333333 13.333333 
3.333333 4.9999995 12.801909 
3.333333 3.333333 13.333333 
3.333333 4.9999995 12.801909 
4.9999995 3.333333 12.801909 
4.9999995 4.9999995 12.247449 
4.9999995 3.333333 12.801909 
4.9999995 4.9999995 12.247449 
6.666666 3.333333 12.018505 
6.666666 4.9999995 11.426092 
6.666666 3.333333 12.018505 
6.666666 4.9999995 11.426092 
8.333333 3.333333 10.929065 
8.333333 4.9999995 10.274023 
8.333333 3.333333 10.929065 
8.333333 4.9999995 10.274023 
10.0 3.333333 9.428091 
10.0 4.9999995 8.6602545 
-10.0 4.9999995 8.6602545 
-10.0 6.666666 7.4535604 
-8.333333 4.9999995 10.274023 
-8.333333 6.666666 9.279608 
-8.333333 4.9999995 10.274023 
-8.333333 6.666666 9.279608 
-6.6666665 4.9999995 11.426091 
-6.6666665 6.666666 10.540926 
-6.6666665 4.9999995 11.426091 
-6.6666665 6.666666 10.540926 
-5.0 4.9999995 12.247449 
-5.0 6.666666 11.426092 
-5.0 4.9999995 12.247449 
-5.0 6.666666 11.426092 
-3.3333335 4.9999995 12.801909 
-3.3333335 6.666666 12.018505 
-3.3333335 4.9999995 12.801909 
-3.3333335 6.666666 12.018505 
-1.6666669 4.9999995 13.123346 
-1.6666669 6.666666 12.360332 
-1.6666669 4.9999995 13.123346 
-1.6666669 6.666666 12.360332 
-2.3841858E-7 4.9999995 13.228757 
-2.3841858E-7 6.666666 12.472192 
-2.3841858E-7 4.9999995 13.228757 
-2.3841858E-7 6.666666 12.472192 
1.6666664 4.9999995 13.123346 
1.6666664 6.666666 12.360332 
1.6666664 4.9999995 13.123346 
1.6666664 6.666666 12.360332 
3.333333 4.9999995 12.801909 
3.333333 6.666666 12.018505 
3.333333 4.9999995 12.801909 
3.333333 6.666666 12.018505 
4.9999995 4.9999995 12.247449 
4.9999995 6.666666 11.426092 
4.9999995 4.9999995 12.247449 
4.9999995 6.666666 11.426092 
6.666666 4.9999995 11.426092 
6.666666 6.666666 10.540927 
6.666666 4.9999995 11.426092 
6.666666 6.666666 10.540927 
8.333333 4.9999995 10.274023 
8.333333 6.666666 9.279608 
8.333333 4.9999995 10.274023 
8.333333 6.666666 9.279608 
10.0 4.9999995 8.6602545 
10.0 6.666666 7.4535604 
-10.0 6.666666 7.4535604 
-10.0 8.333333 5.527708 
-8.333333 6.666666 9.279608 
-8.333333 8.333333 7.81736 
-8.333333 6.666666 9.279608 
-8.333333 8.333333 7.81736 
-6.6666665 6.666666 10.540926 
-6.6666665 8.333333 9.279608 
-6.6666665 6.666666 10.540926 
-6.6666665 8.333333 9.279608 
-5.0 6.666666 11.426092 
-5.0 8.333333 10.274023 
-5.0 6.666666 11.426092 
-5.0 8.333333 10.274023 
-3.3333335 6.666666 12.018505 
-3.3333335 8.333333 10.929064 
-3.3333335 6.666666 12.018505 
-3.3333335 8.333333 10.929064 
-1.6666669 6.666666 12.360332 
-1.6666669 8.333333 11.303884 
-1.6666669 6.666666 12.360332 
-1.6666669 8.333333 11.303884 
-2.3841858E-7 6.666666 12.472192 
-2.3841858E-7 8.333333 11.426091 
-2.3841858E-7 6.666666 12.472192 
-2.3841858E-7 8.333333 11.426091 
1.6666664 6.666666 12.360332 
1.6666664 8.333333 11.303884 
1.6666664 6.666666 12.360332 
1.6666664 8.333333 11.303884 
3.333333 6.666666 12.018505 
3.333333 8.333333 10.929064 
3.333333 6.666666 12.018505 
3.333333 8.333333 10.929064 
4.9999995 6.666666 11.426092 
4.9999995 8.333333 10.274023 
4.9999995 6.666666 11.426092 
4.9999995 8.333333 10.274023 
6.666666 6.666666 10.540927 
6.666666 8.333333 9.279609 
6.666666 6.666666 10.540927 
6.666666 8.333333 9.279609 
8.333333 6.666666 9.279608 
8.333333 8.333333 7.81736 
8.333333 6.666666 9.279608 
8.333333 8.333333 7.81736 
10.0 6.666666 7.4535604 
10.0 8.333333 5.527708 
-10.0 8.333333 5.527708 
-10.0 10.0 0.0 
-8.333333 8.333333 7.81736 
-8.333333 10.0 5.527708 
-8.333333 8.333333 7.81736 
-8.333333 10.0 5.527708 
-6.6666665 8.333333 9.279608 
-6.6666665 10.0 7.45356 
-6.6666665 8.333333 9.279608 
-6.6666665 10.0 7.45356 
-5.0 8.333333 10.274023 
-5.0 10.0 8.6602545 
-5.0 8.333333 10.274023 
-5.0 10.0 8.6602545 
-3.3333335 8.333333 10.929064 
-3.3333335 10.0 9.42809 
-3.3333335 8.333333 10.929064 
-3.3333335 10.0 9.42809 
-1.6666669 8.333333 11.303884 
-1.6666669 10.0 9.860133 
-1.6666669 8.333333 11.303884 
-1.6666669 10.0 9.860133 
-2.3841858E-7 8.333333 11.426091 
-2.3841858E-7 10.0 10.0 
-2.3841858E-7 8.333333 11.426091 
-2.3841858E-7 10.0 10.0 
1.6666664 8.333333 11.303884 
1.6666664 10.0 9.860133 
1.6666664 8.333333 11.303884 
1.6666664 10.0 9.860133 
3.333333 8.333333 10.929064 
3.333333 10.0 9.42809 
3.333333 8.333333 10.929064 
3.333333 10.0 9.42809 
4.9999995 8.333333 10.274023 
4.9999995 10.0 8.6602545 
4.9999995 8.333333 10.274023 
4.9999995 10.0 8.6602545 
6.666666 8.333333 9.279609 
6.666666 10.0 7.453561 
6.666666 8.333333 9.279609 
6.666666 10.0 7.453561 
8.333333 8.333333 7.81736 
8.333333 10.0 5.527708 
8.333333 8.333333 7.81736 
8.333333 10.0 5.527708 
10.0 8.333333 5.527708 
10.0 10.0 0.0 
