-10.0 -10.0 0.0 
-10.0 -8.0 6.0 
-8.0 -10.0 6.0 
-8.0 -8.0 8.485281 
-8.0 -10.0 6.0 
-8.0 -8.0 8.485281 
-6.0 -10.0 8.0 
-6.0 -8.0 10.0 
-6.0 -10.0 8.0 
-6.0 -8.0 10.0 
-4.0 -10.0 9.165152 
-4.0 -8.0 10.954452 
-4.0 -10.0 9.165152 
-4.0 -8.0 10.954452 
-2.0 -10.0 9.797959 
-2.0 -8.0 11.489125 
-2.0 -10.0 9.797959 
-2.0 -8.0 11.489125 
0.0 -10.0 10.0 
0.0 -8.0 11.661903 
0.0 -10.0 10.0 
0.0 -8.0 11.661903 
2.0 -10.0 9.797959 
2.0 -8.0 11.489125 
2.0 -10.0 9.797959 
2.0 -8.0 11.489125 
4.0 -10.0 9.165152 
4.0 -8.0 10.954452 
4.0 -10.0 9.165152 
4.0 -8.0 10.954452 
6.0 -10.0 8.0 
6.0 -8.0 10.0 
6.0 -10.0 8.0 
6.0 -8.0 10.0 
8.0 -10.0 6.0 
8.0 -8.0 8.485281 
8.0 -10.0 6.0 
8.0 -8.0 8.485281 
10.0 -10.0 0.0 
10.0 -8.0 6.0 
-10.0 -8.0 6.0 
-10.0 -6.0 8.0 
-8.0 -8.0 8.485281 
-8.0 -6.0 10.0 
-8.0 -8.0 8.485281 
-8.0 -6.0 10.0 
-6.0 -8.0 10.0 
-6.0 -6.0 11.313708 
-6.0 -8.0 10.0 
-6.0 -6.0 11.313708 
-4.0 -8.0 10.954452 
-4.0 -6.0 12.165525 
-4.0 -8.0 10.954452 
-4.0 -6.0 12.165525 
-2.0 -8.0 11.489125 
-2.0 -6.0 12.649111 
-2.0 -8.0 11.489125 
-2.0 -6.0 12.649111 
0.0 -8.0 11.661903 
0.0 -6.0 12.806249 
0.0 -8.0 11.661903 
0.0 -6.0 12.806249 
2.0 -8.0 11.489125 
2.0 -6.0 12.649111 
2.0 -8.0 11.489125 
2.0 -6.0 12.649111 
4.0 -8.0 10.954452 
4.0 -6.0 12.165525 
4.0 -8.0 10.954452 
4.0 -6.0 12.165525 
6.0 -8.0 10.0 
6.0 -6.0 11.313708 
6.0 -8.0 10.0 
6.0 -6.0 11.313708 
8.0 -8.0 8.485281 
8.0 -6.0 10.0 
8.0 -8.0 8.485281 
8.0 -6.0 10.0 
10.0 -8.0 6.0 
10.0 -6.0 8.0 
-10.0 -6.0 8.0 
-10.0 -4.0 9.165152 
-8.0 -6.0 10.0 
-8.0 -4.0 10.954452 
-8.0 -6.0 10.0 
-8.0 -4.0 10.954452 
-6.0 -6.0 11.313708 
-6.0 -4.0 12.165525 
-6.0 -6.0 11.313708 
-6.0 -4.0 12.165525 
-4.0 -6.0 12.165525 
-4.0 -4.0 12.961481 
-4.0 -6.0 12.165525 
-4.0 -4.0 12.961481 
-2.0 -6.0 12.649111 
-2.0 -4.0 13.416408 
-2.0 -6.0 12.649111 
-2.0 -4.0 13.416408 
0.0 -6.0 12.806249 
0.0 -4.0 13.56466 
0.0 -6.0 12.806249 
0.0 -4.0 13.56466 
2.0 -6.0 12.649111 
2.0 -4.0 13.416408 
2.0 -6.0 12.649111 
2.0 -4.0 13.416408 
4.0 -6.0 12.165525 
4.0 -4.0 12.961481 
4.0 -6.0 12.165525 
4.0 -4.0 12.961481 
6.0 -6.0 11.313708 
6.0 -4.0 12.165525 
6.0 -6.0 11.313708 
6.0 -4.0 12.165525 
8.0 -6.0 10.0 
8.0 -4.0 10.954452 
8.0 -6.0 10.0 
8.0 -4.0 10.954452 
10.0 -6.0 8.0 
10.0 -4.0 9.165152 
-10.0 -4.0 9.165152 
-10.0 -2.0 9.797959 
-8.0 -4.0 10.954452 
-8.0 -2.0 11.489125 
-8.0 -4.0 10.954452 
-8.0 -2.0 11.489125 
-6.0 -4.0 12.165525 
-6.0 -2.0 12.649111 
-6.0 -4.0 12.165525 
-6.0 -2.0 12.649111 
-4.0 -4.0 12.961481 
-4.0 -2.0 13.416408 
-4.0 -4.0 12.961481 
-4.0 -2.0 13.416408 
-2.0 -4.0 13.416408 
-2.0 -2.0 13.856406 
-2.0 -4.0 13.416408 
-2.0 -2.0 13.856406 
0.0 -4.0 13.56466 
0.0 -2.0 14.0 
0.0 -4.0 13.56466 
0.0 -2.0 14.0 
2.0 -4.0 13.416408 
2.0 -2.0 13.856406 
2.0 -4.0 13.416408 
2.0 -2.0 13.856406 
4.0 -4.0 12.961481 
4.0 -2.0 13.416408 
4.0 -4.0 12.961481 
4.0 -2.0 13.416408 
6.0 -4.0 12.165525 
6.0 -2.0 12.649111 
6.0 -4.0 12.165525 
6.0 -2.0 12.649111 
8.0 -4.0 10.954452 
8.0 -2.0 11.489125 
8.0 -4.0 10.954452 
8.0 -2.0 11.489125 
10.0 -4.0 9.165152 
10.0 -2.0 9.797959 
-10.0 -2.0 9.797959 
-10.0 0.0 10.0 
-8.0 -2.0 11.489125 
-8.0 0.0 11.661903 
-8.0 -2.0 11.489125 
-8.0 0.0 11.661903 
-6.0 -2.0 12.649111 
-6.0 0.0 12.806249 
-6.0 -2.0 12.649111 
-6.0 0.0 12.806249 
-4.0 -2.0 13.416408 
-4.0 0.0 13.56466 
-4.0 -2.0 13.416408 
-4.0 0.0 13.56466 
-2.0 -2.0 13.856406 
-2.0 0.0 14.0 
-2.0 -2.0 13.856406 
-2.0 0.0 14.0 
0.0 -2.0 14.0 
0.0 0.0 14.142136 
0.0 -2.0 14.0 
0.0 0.0 14.142136 
2.0 -2.0 13.856406 
2.0 0.0 14.0 
2.0 -2.0 13.856406 
2.0 0.0 14.0 
4.0 -2.0 13.416408 
4.0 0.0 13.56466 
4.0 -2.0 13.416408 
4.0 0.0 13.56466 
6.0 -2.0 12.649111 
6.0 0.0 12.806249 
6.0 -2.0 12.649111 
6.0 0.0 12.806249 
8.0 -2.0 11.489125 
8.0 0.0 11.661903 
8.0 -2.0 11.489125 
8.0 0.0 11.661903 
10.0 -2.0 9.797959 
10.0 0.0 10.0 
-10.0 0.0 10.0 
-10.0 2.0 9.797959 
-8.0 0.0 11.661903 
-8.0 2.0 11.489125 
-8.0 0.0 11.661903 
-8.0 2.0 11.489125 
-6.0 0.0 12.806249 
-6.0 2.0 12.649111 
-6.0 0.0 12.806249 
-6.0 2.0 12.649111 
-4.0 0.0 13.56466 
-4.0 2.0 13.416408 
-4.0 0.0 13.56466 
-4.0 2.0 13.416408 
-2.0 0.0 14.0 
-2.0 2.0 13.856406 
-2.0 0.0 14.0 
-2.0 2.0 13.856406 
0.0 0.0 14.142136 
0.0 2.0 14.0 
0.0 0.0 14.142136 
0.0 2.0 14.0 
2.0 0.0 14.0 
2.0 2.0 13.856406 
2.0 0.0 14.0 
2.0 2.0 13.856406 
4.0 0.0 13.56466 
4.0 2.0 13.416408 
4.0 0.0 13.56466 
4.0 2.0 13.416408 
6.0 0.0 12.806249 
6.0 2.0 12.649111 
6.0 0.0 12.806249 
6.0 2.0 12.649111 
8.0 0.0 11.661903 
8.0 2.0 11.489125 
8.0 0.0 11.661903 
8.0 2.0 11.489125 
10.0 0.0 10.0 
10.0 2.0 9.797959 
-10.0 2.0 9.797959 
-10.0 4.0 9.165152 
-8.0 2.0 11.489125 
-8.0 4.0 10.954452 
-8.0 2.0 11.489125 
-8.0 4.0 10.954452 
-6.0 2.0 12.649111 
-6.0 4.0 12.165525 
-6.0 2.0 12.649111 
-6.0 4.0 12.165525 
-4.0 2.0 13.416408 
-4.0 4.0 12.961481 
-4.0 2.0 13.416408 
-4.0 4.0 12.961481 
-2.0 2.0 13.856406 
-2.0 4.0 13.416408 
-2.0 2.0 13.856406 
-2.0 4.0 13.416408 
0.0 2.0 14.0 
0.0 4.0 13.56466 
0.0 2.0 14.0 
0.0 4.0 13.56466 
2.0 2.0 13.856406 
2.0 4.0 13.416408 
2.0 2.0 13.856406 
2.0 4.0 13.416408 
4.0 2.0 13.416408 
4.0 4.0 12.961481 
4.0 2.0 13.416408 
4.0 4.0 12.961481 
6.0 2.0 12.649111 
6.0 4.0 12.165525 
6.0 2.0 12.649111 
6.0 4.0 12.165525 
8.0 2.0 11.489125 
8.0 4.0 10.954452 
8.0 2.0 11.489125 
8.0 4.0 10.954452 
10.0 2.0 9.797959 
10.0 4.0 9.165152 
-10.0 4.0 9.165152 
-10.0 6.0 8.0 
-8.0 4.0 10.954452 
-8.0 6.0 10.0 
-8.0 4.0 10.954452 
-8.0 6.0 10.0 
-6.0 4.0 12.165525 
-6.0 6.0 11.313708 
-6.0 4.0 12.165525 
-6.0 6.0 11.313708 
-4.0 4.0 12.961481 
-4.0 6.0 12.165525 
-4.0 4.0 12.961481 
-4.0 6.0 12.165525 
-2.0 4.0 13.416408 
-2.0 6.0 12.649111 
-2.0 4.0 13.416408 
-2.0 6.0 12.649111 
0.0 4.0 13.56466 
0.0 6.0 12.806249 
0.0 4.0 13.56466 
0.0 6.0 12.806249 
2.0 4.0 13.416408 
2.0 6.0 12.649111 
2.0 4.0 13.416408 
2.0 6.0 12.649111 
4.0 4.0 12.961481 
4.0 6.0 12.165525 
4.0 4.0 12.961481 
4.0 6.0 12.165525 
6.0 4.0 12.165525 
6.0 6.0 11.313708 
6.0 4.0 12.165525 
6.0 6.0 11.313708 
8.0 4.0 10.954452 
8.0 6.0 10.0 
8.0 4.0 10.954452 
8.0 6.0 10.0 
10.0 4.0 9.165152 
10.0 6.0 8.0 
-10.0 6.0 8.0 
-10.0 8.0 6.0 
-8.0 6.0 10.0 
-8.0 8.0 8.485281 
-8.0 6.0 10.0 
-8.0 8.0 8.485281 
-6.0 6.0 11.313708 
-6.0 8.0 10.0 
-6.0 6.0 11.313708 
-6.0 8.0 10.0 
-4.0 6.0 12.165525 
-4.0 8.0 10.954452 
-4.0 6.0 12.165525 
-4.0 8.0 10.954452 
-2.0 6.0 12.649111 
-2.0 8.0 11.489125 
-2.0 6.0 12.649111 
-2.0 8.0 11.489125 
0.0 6.0 12.806249 
0.0 8.0 11.661903 
0.0 6.0 12.806249 
0.0 8.0 11.661903 
2.0 6.0 12.649111 
2.0 8.0 11.489125 
2.0 6.0 12.649111 
2.0 8.0 11.489125 
4.0 6.0 12.165525 
4.0 8.0 10.954452 
4.0 6.0 12.165525 
4.0 8.0 10.954452 
6.0 6.0 11.313708 
6.0 8.0 10.0 
6.0 6.0 11.313708 
6.0 8.0 10.0 
8.0 6.0 10.0 
8.0 8.0 8.485281 
8.0 6.0 10.0 
8.0 8.0 8.485281 
10.0 6.0 8.0 
10.0 8.0 6.0 
-10.0 8.0 6.0 
-10.0 10.0 0.0 
-8.0 8.0 8.485281 
-8.0 10.0 6.0 
-8.0 8.0 8.485281 
-8.0 10.0 6.0 
-6.0 8.0 10.0 
-6.0 10.0 8.0 
-6.0 8.0 10.0 
-6.0 10.0 8.0 
-4.0 8.0 10.954452 
-4.0 10.0 9.165152 
-4.0 8.0 10.954452 
-4.0 10.0 9.165152 
-2.0 8.0 11.489125 
-2.0 10.0 9.797959 
-2.0 8.0 11.489125 
-2.0 10.0 9.797959 
0.0 8.0 11.661903 
0.0 10.0 10.0 
0.0 8.0 11.661903 
0.0 10.0 10.0 
2.0 8.0 11.489125 
2.0 10.0 9.797959 
2.0 8.0 11.489125 
2.0 10.0 9.797959 
4.0 8.0 10.954452 
4.0 10.0 9.165152 
4.0 8.0 10.954452 
4.0 10.0 9.165152 
6.0 8.0 10.0 
6.0 10.0 8.0 
6.0 8.0 10.0 
6.0 10.0 8.0 
8.0 8.0 8.485281 
8.0 10.0 6.0 
8.0 8.0 8.485281 
8.0 10.0 6.0 
10.0 8.0 6.0 
10.0 10.0 0.0 
