0
2
1
2
3
1
0
1
2
2
1
3
4
6
5
6
7
5
4
5
6
6
5
7
8
10
9
10
11
9
8
9
10
10
9
11
12
14
13
14
15
13
12
13
14
14
13
15
16
18
17
18
19
17
16
17
18
18
17
19
20
22
21
22
23
21
20
21
22
22
21
23
24
26
25
26
27
25
24
25
26
26
25
27
28
30
29
30
31
29
28
29
30
30
29
31
32
34
33
34
35
33
32
33
34
34
33
35
36
38
37
38
39
37
36
37
38
38
37
39
40
42
41
42
43
41
40
41
42
42
41
43
44
46
45
46
47
45
44
45
46
46
45
47
48
50
49
50
51
49
48
49
50
50
49
51
52
54
53
54
55
53
52
53
54
54
53
55
56
58
57
58
59
57
56
57
58
58
57
59
60
62
61
62
63
61
60
61
62
62
61
63
64
66
65
66
67
65
64
65
66
66
65
67
68
70
69
70
71
69
68
69
70
70
69
71
72
74
73
74
75
73
72
73
74
74
73
75
76
78
77
78
79
77
76
77
78
78
77
79
80
82
81
82
83
81
80
81
82
82
81
83
84
86
85
86
87
85
84
85
86
86
85
87
88
90
89
90
91
89
88
89
90
90
89
91
92
94
93
94
95
93
92
93
94
94
93
95
96
98
97
98
99
97
96
97
98
98
97
99
100
102
101
102
103
101
100
101
102
102
101
103
104
106
105
106
107
105
104
105
106
106
105
107
108
110
109
110
111
109
108
109
110
110
109
111
112
114
113
114
115
113
112
113
114
114
113
115
116
118
117
118
119
117
116
117
118
118
117
119
120
122
121
122
123
121
120
121
122
122
121
123
124
126
125
126
127
125
124
125
126
126
125
127
128
130
129
130
131
129
128
129
130
130
129
131
132
134
133
134
135
133
132
133
134
134
133
135
136
138
137
138
139
137
136
137
138
138
137
139
140
142
141
142
143
141
140
141
142
142
141
143
144
146
145
146
147
145
144
145
146
146
145
147
148
150
149
150
151
149
148
149
150
150
149
151
152
154
153
154
155
153
152
153
154
154
153
155
156
158
157
158
159
157
156
157
158
158
157
159
160
162
161
162
163
161
160
161
162
162
161
163
164
166
165
166
167
165
164
165
166
166
165
167
168
170
169
170
171
169
168
169
170
170
169
171
172
174
173
174
175
173
172
173
174
174
173
175
176
178
177
178
179
177
176
177
178
178
177
179
180
182
181
182
183
181
180
181
182
182
181
183
184
186
185
186
187
185
184
185
186
186
185
187
188
190
189
190
191
189
188
189
190
190
189
191
192
194
193
194
195
193
192
193
194
194
193
195
196
198
197
198
199
197
196
197
198
198
197
199
200
202
201
202
203
201
200
201
202
202
201
203
204
206
205
206
207
205
204
205
206
206
205
207
208
210
209
210
211
209
208
209
210
210
209
211
212
214
213
214
215
213
212
213
214
214
213
215
216
218
217
218
219
217
216
217
218
218
217
219
220
222
221
222
223
221
220
221
222
222
221
223
224
226
225
226
227
225
224
225
226
226
225
227
228
230
229
230
231
229
228
229
230
230
229
231
232
234
233
234
235
233
232
233
234
234
233
235
236
238
237
238
239
237
236
237
238
238
237
239
240
242
241
242
243
241
240
241
242
242
241
243
244
246
245
246
247
245
244
245
246
246
245
247
248
250
249
250
251
249
248
249
250
250
249
251
252
254
253
254
255
253
252
253
254
254
253
255
256
258
257
258
259
257
256
257
258
258
257
259
260
262
261
262
263
261
260
261
262
262
261
263
264
266
265
266
267
265
264
265
266
266
265
267
268
270
269
270
271
269
268
269
270
270
269
271
272
274
273
274
275
273
272
273
274
274
273
275
276
278
277
278
279
277
276
277
278
278
277
279
280
282
281
282
283
281
280
281
282
282
281
283
284
286
285
286
287
285
284
285
286
286
285
287
288
290
289
290
291
289
288
289
290
290
289
291
292
294
293
294
295
293
292
293
294
294
293
295
296
298
297
298
299
297
296
297
298
298
297
299
300
302
301
302
303
301
300
301
302
302
301
303
304
306
305
306
307
305
304
305
306
306
305
307
308
310
309
310
311
309
308
309
310
310
309
311
312
314
313
314
315
313
312
313
314
314
313
315
316
318
317
318
319
317
316
317
318
318
317
319
320
322
321
322
323
321
320
321
322
322
321
323
324
326
325
326
327
325
324
325
326
326
325
327
328
330
329
330
331
329
328
329
330
330
329
331
332
334
333
334
335
333
332
333
334
334
333
335
336
338
337
338
339
337
336
337
338
338
337
339
340
342
341
342
343
341
340
341
342
342
341
343
344
346
345
346
347
345
344
345
346
346
345
347
348
350
349
350
351
349
348
349
350
350
349
351
352
354
353
354
355
353
352
353
354
354
353
355
356
358
357
358
359
357
356
357
358
358
357
359
360
362
361
362
363
361
360
361
362
362
361
363
364
366
365
366
367
365
364
365
366
366
365
367
368
370
369
370
371
369
368
369
370
370
369
371
372
374
373
374
375
373
372
373
374
374
373
375
376
378
377
378
379
377
376
377
378
378
377
379
380
382
381
382
383
381
380
381
382
382
381
383
384
386
385
386
387
385
384
385
386
386
385
387
388
390
389
390
391
389
388
389
390
390
389
391
392
394
393
394
395
393
392
393
394
394
393
395
396
398
397
398
399
397
396
397
398
398
397
399
400
402
401
402
403
401
400
401
402
402
401
403
404
406
405
406
407
405
404
405
406
406
405
407
408
410
409
410
411
409
408
409
410
410
409
411
412
414
413
414
415
413
412
413
414
414
413
415
416
418
417
418
419
417
416
417
418
418
417
419
420
422
421
422
423
421
420
421
422
422
421
423
424
426
425
426
427
425
424
425
426
426
425
427
428
430
429
430
431
429
428
429
430
430
429
431
432
434
433
434
435
433
432
433
434
434
433
435
436
438
437
438
439
437
436
437
438
438
437
439
440
442
441
442
443
441
440
441
442
442
441
443
444
446
445
446
447
445
444
445
446
446
445
447
448
450
449
450
451
449
448
449
450
450
449
451
452
454
453
454
455
453
452
453
454
454
453
455
456
458
457
458
459
457
456
457
458
458
457
459
460
462
461
462
463
461
460
461
462
462
461
463
464
466
465
466
467
465
464
465
466
466
465
467
468
470
469
470
471
469
468
469
470
470
469
471
472
474
473
474
475
473
472
473
474
474
473
475
476
478
477
478
479
477
476
477
478
478
477
479
480
482
481
482
483
481
480
481
482
482
481
483
484
486
485
486
487
485
484
485
486
486
485
487
488
490
489
490
491
489
488
489
490
490
489
491
492
494
493
494
495
493
492
493
494
494
493
495
496
498
497
498
499
497
496
497
498
498
497
499
500
502
501
502
503
501
500
501
502
502
501
503
504
506
505
506
507
505
504
505
506
506
505
507
508
510
509
510
511
509
508
509
510
510
509
511
512
514
513
514
515
513
512
513
514
514
513
515
516
518
517
518
519
517
516
517
518
518
517
519
520
522
521
522
523
521
520
521
522
522
521
523
524
526
525
526
527
525
524
525
526
526
525
527
528
530
529
530
531
529
528
529
530
530
529
531
532
534
533
534
535
533
532
533
534
534
533
535
536
538
537
538
539
537
536
537
538
538
537
539
540
542
541
542
543
541
540
541
542
542
541
543
544
546
545
546
547
545
544
545
546
546
545
547
548
550
549
550
551
549
548
549
550
550
549
551
552
554
553
554
555
553
552
553
554
554
553
555
556
558
557
558
559
557
556
557
558
558
557
559
560
562
561
562
563
561
560
561
562
562
561
563
564
566
565
566
567
565
564
565
566
566
565
567
568
570
569
570
571
569
568
569
570
570
569
571
572
574
573
574
575
573
572
573
574
574
573
575
